# mean, st. dev., best $\chi^2$
[-79.13363   6.       51.586    34.8926   19.565    -7.745    -1.6404
 -49.9942    0.9123 ] CC.chain
[-97.76965   1.       62.4322   30.       15.      -10.       43.699
 -49.0282    0.9455 ] DC.chain
[-95.24641   1.       32.9892   30.       15.      -10.      -44.4476
 -49.236     0.9546 ] GC.chain
[-68.26212  22.       50.9075   14.8337   17.599     4.6929   -1.9626
 -49.9192    0.9389 ] CD.chain
[-69.24959   1.       52.6674   30.       15.      -10.        5.6281
 -49.2094    0.9412 ] DD.chain
[-86.02641  10.       34.0225   30.       15.      -10.      -49.9869
 -49.2607    0.944  ] GD.chain
[-22.51239  56.       99.8746   63.9408   25.9168   -8.2191   49.3638
 -49.9391    0.6861 ] CG.chain
[-68.05759   8.       73.7972   30.       15.      -10.       49.6405
 -49.7145    0.8659 ] DG.chain
[-74.82851   6.       53.0767   30.       15.      -10.       12.7279
 -49.384     0.9609 ] GG.chain
