-8.510000000000000000e+02 2.558438430688563248e+00
-8.500000000000000000e+02 2.559923098010003617e+00
-8.490000000000000000e+02 2.561802026999604021e+00
-8.480000000000000000e+02 2.564022054575431309e+00
-8.470000000000000000e+02 2.566043527625173404e+00
-8.460000000000000000e+02 2.567862288659477965e+00
-8.450000000000000000e+02 2.570260180035634612e+00
-8.440000000000000000e+02 2.572126963341883066e+00
-8.430000000000000000e+02 2.574578472664596607e+00
-8.420000000000000000e+02 2.576407754080094481e+00
-8.410000000000000000e+02 2.578561646238988203e+00
-8.400000000000000000e+02 2.580686219599670039e+00
-8.390000000000000000e+02 2.582152106437333838e+00
-8.380000000000000000e+02 2.584683028074046263e+00
-8.370000000000000000e+02 2.586844571978802687e+00
-8.360000000000000000e+02 2.588651601898757981e+00
-8.350000000000000000e+02 2.590849733257768239e+00
-8.340000000000000000e+02 2.592395525409366019e+00
-8.330000000000000000e+02 2.594435520821963159e+00
-8.320000000000000000e+02 2.596358456825142547e+00
-8.310000000000000000e+02 2.597891553590596203e+00
-8.300000000000000000e+02 2.600129931916299597e+00
-8.290000000000000000e+02 2.602145591076813425e+00
-8.280000000000000000e+02 2.604191165071771952e+00
-8.270000000000000000e+02 2.606215846983920059e+00
-8.260000000000000000e+02 2.608454129007380384e+00
-8.250000000000000000e+02 2.610530514448661688e+00
-8.240000000000000000e+02 2.612527100802084945e+00
-8.230000000000000000e+02 2.614850109278052059e+00
-8.220000000000000000e+02 2.616602375021028326e+00
-8.210000000000000000e+02 2.618827513096297466e+00
-8.200000000000000000e+02 2.621058753948306563e+00
-8.190000000000000000e+02 2.623023944589036205e+00
-8.180000000000000000e+02 2.625300340538480715e+00
-8.170000000000000000e+02 2.626784391010419384e+00
-8.160000000000000000e+02 2.628888452645561369e+00
-8.150000000000000000e+02 2.630038653199443743e+00
-8.140000000000000000e+02 2.632189227949898402e+00
-8.130000000000000000e+02 2.633800666200579510e+00
-8.120000000000000000e+02 2.635731634550384950e+00
-8.110000000000000000e+02 2.638596340551581321e+00
-8.100000000000000000e+02 2.640165473111989236e+00
-8.090000000000000000e+02 2.642437795801939160e+00
-8.080000000000000000e+02 2.644176584140510489e+00
-8.070000000000000000e+02 2.645974789028334939e+00
-8.060000000000000000e+02 2.647667367676036054e+00
-8.050000000000000000e+02 2.649688323243990062e+00
-8.040000000000000000e+02 2.652665241535623331e+00
-8.030000000000000000e+02 2.654265207891850054e+00
-8.020000000000000000e+02 2.655760179724161230e+00
-8.010000000000000000e+02 2.657209617287056957e+00
-8.000000000000000000e+02 2.659999620315215196e+00
-7.990000000000000000e+02 2.662285831418445881e+00
-7.980000000000000000e+02 2.663979090887944157e+00
-7.970000000000000000e+02 2.665674423355855360e+00
-7.960000000000000000e+02 2.667658407407843768e+00
-7.950000000000000000e+02 2.668942907373640594e+00
-7.940000000000000000e+02 2.670891904147567164e+00
-7.930000000000000000e+02 2.673349597379609754e+00
-7.920000000000000000e+02 2.675695780236922783e+00
-7.910000000000000000e+02 2.677213745024247693e+00
-7.900000000000000000e+02 2.678951985040035400e+00
-7.890000000000000000e+02 2.681062348800686390e+00
-7.880000000000000000e+02 2.682653265075379601e+00
-7.870000000000000000e+02 2.684334640292141305e+00
-7.860000000000000000e+02 2.686740464826634422e+00
-7.850000000000000000e+02 2.688814288549413956e+00
-7.840000000000000000e+02 2.690757183143138498e+00
-7.830000000000000000e+02 2.692336746763212219e+00
-7.820000000000000000e+02 2.694305046664659642e+00
-7.810000000000000000e+02 2.696777055532433742e+00
-7.800000000000000000e+02 2.698148490756381968e+00
-7.790000000000000000e+02 2.700365595682737485e+00
-7.780000000000000000e+02 2.702322211384180051e+00
-7.770000000000000000e+02 2.709337150787344495e+00
-7.760000000000000000e+02 2.765996328237446011e+00
-7.750000000000000000e+02 2.834666836280716584e+00
-7.740000000000000000e+02 2.902034803940232610e+00
-7.730000000000000000e+02 2.964384781506907096e+00
-7.720000000000000000e+02 3.031480734515342057e+00
-7.710000000000000000e+02 3.094362057077555406e+00
-7.700000000000000000e+02 3.160351093035244752e+00
-7.690000000000000000e+02 3.196077656148916368e+00
-7.680000000000000000e+02 3.210583979855182513e+00
-7.670000000000000000e+02 3.221664126812048501e+00
-7.660000000000000000e+02 3.237209361417006992e+00
-7.650000000000000000e+02 3.257406642482538750e+00
-7.640000000000000000e+02 3.271050817812259925e+00
-7.630000000000000000e+02 3.286500117193404957e+00
-7.620000000000000000e+02 3.307344014846270497e+00
-7.610000000000000000e+02 3.321608411378704773e+00
-7.600000000000000000e+02 3.334070164513123213e+00
-7.590000000000000000e+02 3.357754838737035286e+00
-7.580000000000000000e+02 3.368895721369095320e+00
-7.570000000000000000e+02 3.390045781246539658e+00
-7.560000000000000000e+02 3.406294540968532569e+00
-7.550000000000000000e+02 3.426573196573016844e+00
-7.540000000000000000e+02 3.445625509141904352e+00
-7.530000000000000000e+02 3.464247636685099163e+00
-7.520000000000000000e+02 3.480300139708323748e+00
-7.510000000000000000e+02 3.493997594807204177e+00
-7.500000000000000000e+02 3.513191849272271572e+00
-7.490000000000000000e+02 3.533017988916653085e+00
-7.480000000000000000e+02 3.545985913675302026e+00
-7.470000000000000000e+02 3.567633878221750710e+00
-7.460000000000000000e+02 3.584991959381331306e+00
-7.450000000000000000e+02 3.605041856598702132e+00
-7.440000000000000000e+02 3.624912534393829766e+00
-7.430000000000000000e+02 3.644065825915939083e+00
-7.420000000000000000e+02 3.664171084619251673e+00
-7.410000000000000000e+02 3.683326853108766397e+00
-7.400000000000000000e+02 3.709147089877280923e+00
-7.390000000000000000e+02 3.729451109570804945e+00
-7.380000000000000000e+02 3.752980671874857510e+00
-7.370000000000000000e+02 3.772347773993702358e+00
-7.360000000000000000e+02 3.792982595829293757e+00
-7.350000000000000000e+02 3.811850897730535870e+00
-7.340000000000000000e+02 3.838154373571451838e+00
-7.330000000000000000e+02 3.857646386746317990e+00
-7.320000000000000000e+02 3.884205132367218205e+00
-7.310000000000000000e+02 3.911731187442456292e+00
-7.300000000000000000e+02 3.934150503262951570e+00
-7.290000000000000000e+02 3.960958977908483725e+00
-7.280000000000000000e+02 3.985573021273391969e+00
-7.270000000000000000e+02 4.010917836900590672e+00
-7.260000000000000000e+02 4.038553443947005661e+00
-7.250000000000000000e+02 4.067996259287165906e+00
-7.240000000000000000e+02 4.096395187429060059e+00
-7.230000000000000000e+02 4.125363261799215309e+00
-7.220000000000000000e+02 4.153016248975535341e+00
-7.210000000000000000e+02 4.183072192138568290e+00
-7.200000000000000000e+02 4.216332282372720286e+00
-7.190000000000000000e+02 4.246359209393619771e+00
-7.180000000000000000e+02 4.280249562131534624e+00
-7.170000000000000000e+02 4.313225616129849449e+00
-7.160000000000000000e+02 4.349466258255390905e+00
-7.150000000000000000e+02 4.389153114432719605e+00
-7.140000000000000000e+02 4.424806778645439920e+00
-7.130000000000000000e+02 4.469622596297850414e+00
-7.120000000000000000e+02 4.515018318045447288e+00
-7.110000000000000000e+02 4.560468905679607943e+00
-7.100000000000000000e+02 4.611493048802414840e+00
-7.090000000000000000e+02 4.665194023254731093e+00
-7.080000000000000000e+02 4.736526905649489194e+00
-7.070000000000000000e+02 4.824151937650515087e+00
-7.060000000000000000e+02 4.908148599614769125e+00
-7.050000000000000000e+02 4.973646310429439055e+00
-7.040000000000000000e+02 5.032868216508319392e+00
-7.030000000000000000e+02 5.083511618524048536e+00
-7.020000000000000000e+02 5.127400610851809759e+00
-7.010000000000000000e+02 5.173045495161369800e+00
-7.000000000000000000e+02 5.210676086150591857e+00
-6.990000000000000000e+02 5.247948702671831001e+00
-6.980000000000000000e+02 5.280774585721981218e+00
-6.970000000000000000e+02 5.309204287446566362e+00
-6.960000000000000000e+02 5.342194222939232517e+00
-6.950000000000000000e+02 5.372258013276995037e+00
-6.940000000000000000e+02 5.397871158477704157e+00
-6.930000000000000000e+02 5.423078409511764342e+00
-6.920000000000000000e+02 5.438677989446695449e+00
-6.910000000000000000e+02 5.459837435064448741e+00
-6.900000000000000000e+02 5.482538738368470277e+00
-6.890000000000000000e+02 5.494993991498664521e+00
-6.880000000000000000e+02 5.505589898778850966e+00
-6.870000000000000000e+02 5.521325657031042944e+00
-6.860000000000000000e+02 5.529177200746726584e+00
-6.850000000000000000e+02 5.529399665867447133e+00
-6.840000000000000000e+02 5.533946413962532951e+00
-6.830000000000000000e+02 5.536856650595727736e+00
-6.820000000000000000e+02 5.532801696042902506e+00
-6.810000000000000000e+02 5.528030312795999102e+00
-6.800000000000000000e+02 5.520201693255588182e+00
-6.790000000000000000e+02 5.504070670806353149e+00
-6.780000000000000000e+02 5.484616199544947612e+00
-6.770000000000000000e+02 5.457100478632742835e+00
-6.760000000000000000e+02 5.434264759032993553e+00
-6.750000000000000000e+02 5.394041165457536202e+00
-6.740000000000000000e+02 5.339344311586395442e+00
-6.730000000000000000e+02 5.257992447003796421e+00
-6.720000000000000000e+02 5.187562169057721384e+00
-6.710000000000000000e+02 5.136720902546662693e+00
-6.700000000000000000e+02 5.097141131663778246e+00
-6.690000000000000000e+02 5.062121129083348769e+00
-6.680000000000000000e+02 5.032578046953827489e+00
-6.670000000000000000e+02 5.004881007249502467e+00
-6.660000000000000000e+02 4.980493982000460562e+00
-6.650000000000000000e+02 4.957599639655298596e+00
-6.640000000000000000e+02 4.936744971363615342e+00
-6.630000000000000000e+02 4.917962857343511018e+00
-6.620000000000000000e+02 4.899424674924442336e+00
-6.610000000000000000e+02 4.882960881624121008e+00
-6.600000000000000000e+02 4.867021065240165534e+00
-6.590000000000000000e+02 4.852254031310148541e+00
-6.580000000000000000e+02 4.837887585720612726e+00
-6.570000000000000000e+02 4.825140448417633010e+00
-6.560000000000000000e+02 4.812953965384560995e+00
-6.550000000000000000e+02 4.800474032324098417e+00
-6.540000000000000000e+02 4.790298259985704910e+00
-6.530000000000000000e+02 4.780472731808480980e+00
-6.520000000000000000e+02 4.770524460530309874e+00
-6.510000000000000000e+02 4.761567505142163093e+00
-6.500000000000000000e+02 4.752065126128083961e+00
-6.490000000000000000e+02 4.744071231043165859e+00
-6.480000000000000000e+02 4.735301989512657350e+00
-6.470000000000000000e+02 4.727860276495602143e+00
-6.460000000000000000e+02 4.720191749211668508e+00
-6.450000000000000000e+02 4.713105195365892008e+00
-6.440000000000000000e+02 4.706364523216038265e+00
-6.430000000000000000e+02 4.699223979130781714e+00
-6.420000000000000000e+02 4.693930779059269476e+00
-6.410000000000000000e+02 4.688087634619293453e+00
-6.400000000000000000e+02 4.682028449048486252e+00
-6.390000000000000000e+02 4.676571741682397310e+00
-6.380000000000000000e+02 4.671854937925691509e+00
-6.370000000000000000e+02 4.666867196607362267e+00
-6.360000000000000000e+02 4.661696519190835275e+00
-6.350000000000000000e+02 4.657577977712410444e+00
-6.340000000000000000e+02 4.653209024965703655e+00
-6.330000000000000000e+02 4.649155716912195757e+00
-6.320000000000000000e+02 4.645154251883431229e+00
-6.310000000000000000e+02 4.640799060860559599e+00
-6.300000000000000000e+02 4.636874903838313244e+00
-6.290000000000000000e+02 4.633869653287405299e+00
-6.280000000000000000e+02 4.630341183551266226e+00
-6.270000000000000000e+02 4.627585165398217626e+00
-6.260000000000000000e+02 4.624323818997694069e+00
-6.250000000000000000e+02 4.620814952431414824e+00
-6.240000000000000000e+02 4.618257725032654193e+00
-6.230000000000000000e+02 4.615704544788568953e+00
-6.220000000000000000e+02 4.612714306428014055e+00
-6.210000000000000000e+02 4.610780711572958879e+00
-6.200000000000000000e+02 4.608532342173369933e+00
-6.190000000000000000e+02 4.606322625643420210e+00
-6.180000000000000000e+02 4.603457351264513164e+00
-6.170000000000000000e+02 4.602024821085461959e+00
-6.160000000000000000e+02 4.599471709260122054e+00
-6.150000000000000000e+02 4.597624208952290736e+00
-6.140000000000000000e+02 4.595642642123222821e+00
-6.130000000000000000e+02 4.593411293496101777e+00
-6.120000000000000000e+02 4.591891776405826242e+00
-6.110000000000000000e+02 4.590498705321786055e+00
-6.100000000000000000e+02 4.589807541309283145e+00
-6.090000000000000000e+02 4.587530621054064284e+00
-6.080000000000000000e+02 4.586395299420419569e+00
-6.070000000000000000e+02 4.586007613529963223e+00
-6.060000000000000000e+02 4.583181059279732850e+00
-6.050000000000000000e+02 4.582405699999002380e+00
-6.040000000000000000e+02 4.581850017935381381e+00
-6.030000000000000000e+02 4.580498028456796433e+00
-6.020000000000000000e+02 4.579542036293751117e+00
-6.010000000000000000e+02 4.578367384260583428e+00
-6.000000000000000000e+02 4.577785693200871364e+00
-5.990000000000000000e+02 4.576976259288814575e+00
-5.980000000000000000e+02 4.575957855331120427e+00
-5.970000000000000000e+02 4.575073645537532485e+00
-5.960000000000000000e+02 4.574589938399143740e+00
-5.950000000000000000e+02 4.574270929060439528e+00
-5.940000000000000000e+02 4.573563254453535620e+00
-5.930000000000000000e+02 4.573617147240967462e+00
-5.920000000000000000e+02 4.572437699689671398e+00
-5.910000000000000000e+02 4.571450923021096457e+00
-5.900000000000000000e+02 4.570956378379983143e+00
-5.890000000000000000e+02 4.571049175311854285e+00
-5.880000000000000000e+02 4.570659749586711840e+00
-5.870000000000000000e+02 4.570909659668898506e+00
-5.860000000000000000e+02 4.569542017880183771e+00
-5.850000000000000000e+02 4.569796148657988333e+00
-5.840000000000000000e+02 4.569414636534203211e+00
-5.830000000000000000e+02 4.569576740028131745e+00
-5.820000000000000000e+02 4.569470862468588912e+00
-5.810000000000000000e+02 4.568667579166177717e+00
-5.800000000000000000e+02 4.568767425550777084e+00
-5.790000000000000000e+02 4.569530145858967884e+00
-5.780000000000000000e+02 4.569522158374535792e+00
-5.770000000000000000e+02 4.568555581044761560e+00
-5.760000000000000000e+02 4.568180604284978408e+00
-5.750000000000000000e+02 4.568566922883216641e+00
-5.740000000000000000e+02 4.568488840519609795e+00
-5.730000000000000000e+02 4.568804892298471643e+00
-5.720000000000000000e+02 4.568462553973221318e+00
-5.710000000000000000e+02 4.568897850852972731e+00
-5.700000000000000000e+02 4.569420206459146705e+00
-5.690000000000000000e+02 4.569510503205661323e+00
-5.680000000000000000e+02 4.569837862327798206e+00
-5.670000000000000000e+02 4.568945262201401292e+00
-5.660000000000000000e+02 4.569844180012489154e+00
-5.650000000000000000e+02 4.570332690583930990e+00
-5.640000000000000000e+02 4.570572309311715209e+00
-5.630000000000000000e+02 4.570765617573538719e+00
-5.620000000000000000e+02 4.571485696773977203e+00
-5.610000000000000000e+02 4.570822797051280695e+00
-5.600000000000000000e+02 4.571629160381408319e+00
-5.590000000000000000e+02 4.571491236418735227e+00
-5.580000000000000000e+02 4.572620848972959173e+00
-5.570000000000000000e+02 4.572593341561692171e+00
-5.560000000000000000e+02 4.573412000812829170e+00
-5.550000000000000000e+02 4.573885070384673845e+00
-5.540000000000000000e+02 4.574598203756073289e+00
-5.530000000000000000e+02 4.574388112821036856e+00
-5.520000000000000000e+02 4.573940067636257822e+00
-5.510000000000000000e+02 4.574601526406395280e+00
-5.500000000000000000e+02 4.576056014774615655e+00
-5.490000000000000000e+02 4.575478497799152500e+00
-5.480000000000000000e+02 4.576768874029061074e+00
-5.470000000000000000e+02 4.577191501499647153e+00
-5.460000000000000000e+02 4.577512645236709865e+00
-5.450000000000000000e+02 4.578148119859404730e+00
-5.440000000000000000e+02 4.578029569233970086e+00
-5.430000000000000000e+02 4.579259383016030860e+00
-5.420000000000000000e+02 4.578960687301720789e+00
-5.410000000000000000e+02 4.579972443194156639e+00
-5.400000000000000000e+02 4.580507814848643555e+00
-5.390000000000000000e+02 4.580791003754778323e+00
-5.380000000000000000e+02 4.581012432913115440e+00
-5.370000000000000000e+02 4.580789664070254119e+00
-5.360000000000000000e+02 4.581809456047079010e+00
-5.350000000000000000e+02 4.583356252857000435e+00
-5.340000000000000000e+02 4.583994628470621002e+00
-5.330000000000000000e+02 4.583883089865285143e+00
-5.320000000000000000e+02 4.584096501073039676e+00
-5.310000000000000000e+02 4.584525122725139568e+00
-5.300000000000000000e+02 4.585500402361201822e+00
-5.290000000000000000e+02 4.585673316541421407e+00
-5.280000000000000000e+02 4.587007849352239042e+00
-5.270000000000000000e+02 4.587521099015071435e+00
-5.260000000000000000e+02 4.587716839698236626e+00
-5.250000000000000000e+02 4.588171926088667085e+00
-5.240000000000000000e+02 4.588220517693126332e+00
-5.230000000000000000e+02 4.590055507733081797e+00
-5.220000000000000000e+02 4.589820036918434099e+00
-5.210000000000000000e+02 4.590280833194090526e+00
-5.200000000000000000e+02 4.591998523203455917e+00
-5.190000000000000000e+02 4.593182544261810385e+00
-5.180000000000000000e+02 4.594062874136692898e+00
-5.170000000000000000e+02 4.593317462077229685e+00
-5.160000000000000000e+02 4.594548997019828107e+00
-5.150000000000000000e+02 4.595623914785512021e+00
-5.140000000000000000e+02 4.594932363935971154e+00
-5.130000000000000000e+02 4.595923161715458782e+00
-5.120000000000000000e+02 4.596247896244112674e+00
-5.110000000000000000e+02 4.597014807706798933e+00
-5.100000000000000000e+02 4.598235619236446858e+00
-5.090000000000000000e+02 4.597939778549537060e+00
-5.080000000000000000e+02 4.598927780238995844e+00
-5.070000000000000000e+02 4.598574559431138908e+00
-5.060000000000000000e+02 4.599356547705629517e+00
-5.050000000000000000e+02 4.599706433113658122e+00
-5.040000000000000000e+02 4.601044753364696760e+00
-5.030000000000000000e+02 4.601636914980973714e+00
-5.020000000000000000e+02 4.601805560592161726e+00
-5.010000000000000000e+02 4.603753629518690715e+00
-5.000000000000000000e+02 4.605236121715302389e+00
-4.990000000000000000e+02 4.604164850232327133e+00
-4.980000000000000000e+02 4.605518865234363268e+00
-4.970000000000000000e+02 4.604707948401546957e+00
-4.960000000000000000e+02 4.606185943623241741e+00
-4.950000000000000000e+02 4.606367383081901856e+00
-4.940000000000000000e+02 4.606986358512841662e+00
-4.930000000000000000e+02 4.607601281520623537e+00
-4.920000000000000000e+02 4.608649741390361321e+00
-4.910000000000000000e+02 4.609181968617353853e+00
-4.900000000000000000e+02 4.609469166190676148e+00
-4.890000000000000000e+02 4.610979018495207526e+00
-4.880000000000000000e+02 4.610367617252005168e+00
-4.870000000000000000e+02 4.610845148468397880e+00
-4.860000000000000000e+02 4.611703706818067516e+00
-4.850000000000000000e+02 4.612225461970095530e+00
-4.840000000000000000e+02 4.614161040725935692e+00
-4.830000000000000000e+02 4.614505832440385369e+00
-4.820000000000000000e+02 4.614750863210900000e+00
-4.810000000000000000e+02 4.614090195661320060e+00
-4.800000000000000000e+02 4.615141192566006190e+00
-4.790000000000000000e+02 4.615828630273647093e+00
-4.780000000000000000e+02 4.618782652458946814e+00
-4.770000000000000000e+02 4.618569574867991356e+00
-4.760000000000000000e+02 4.618303977136482885e+00
-4.750000000000000000e+02 4.618534806663007863e+00
-4.740000000000000000e+02 4.619731625838643829e+00
-4.730000000000000000e+02 4.620226348362705515e+00
-4.720000000000000000e+02 4.621013932198648533e+00
-4.710000000000000000e+02 4.622049215732817906e+00
-4.700000000000000000e+02 4.622265540140436002e+00
-4.690000000000000000e+02 4.622843112691294110e+00
-4.680000000000000000e+02 4.623795211374416070e+00
-4.670000000000000000e+02 4.624169358720082279e+00
-4.660000000000000000e+02 4.624137496265149139e+00
-4.650000000000000000e+02 4.625217395826474842e+00
-4.640000000000000000e+02 4.625878529568596242e+00
-4.630000000000000000e+02 4.626542443946457084e+00
-4.620000000000000000e+02 4.626178186014220373e+00
-4.610000000000000000e+02 4.626201880608089567e+00
-4.600000000000000000e+02 4.628022238709955438e+00
-4.590000000000000000e+02 4.628257172414430798e+00
-4.580000000000000000e+02 4.628569743522267466e+00
-4.570000000000000000e+02 4.629594488381153283e+00
-4.560000000000000000e+02 4.631228589812202756e+00
-4.550000000000000000e+02 4.632575943873449731e+00
-4.540000000000000000e+02 4.632824170226625959e+00
-4.530000000000000000e+02 4.633607096200148767e+00
-4.520000000000000000e+02 4.634358690585107077e+00
-4.510000000000000000e+02 4.634431659451764496e+00
-4.500000000000000000e+02 4.634836988479474229e+00
-4.490000000000000000e+02 4.635263456106661017e+00
-4.480000000000000000e+02 4.636083214153563503e+00
-4.470000000000000000e+02 4.637607108443530635e+00
-4.460000000000000000e+02 4.637009343507276782e+00
-4.450000000000000000e+02 4.639164408774783865e+00
-4.440000000000000000e+02 4.638729230209071908e+00
-4.430000000000000000e+02 4.639964805055414310e+00
-4.420000000000000000e+02 4.640831885623343922e+00
-4.410000000000000000e+02 4.641394801790667657e+00
-4.400000000000000000e+02 4.642021382651003059e+00
-4.390000000000000000e+02 4.642796128573851711e+00
-4.380000000000000000e+02 4.644067064487889418e+00
-4.370000000000000000e+02 4.645119951987869200e+00
-4.360000000000000000e+02 4.645635228085874147e+00
-4.350000000000000000e+02 4.646847107010297684e+00
-4.340000000000000000e+02 4.647689284389591613e+00
-4.330000000000000000e+02 4.648164893060525493e+00
-4.320000000000000000e+02 4.648661842201925687e+00
-4.310000000000000000e+02 4.650082055332646291e+00
-4.300000000000000000e+02 4.650493854656075676e+00
-4.290000000000000000e+02 4.651111484640185978e+00
-4.280000000000000000e+02 4.652147202628379219e+00
-4.270000000000000000e+02 4.653564910469412119e+00
-4.260000000000000000e+02 4.654334951352949723e+00
-4.250000000000000000e+02 4.655748251464294718e+00
-4.240000000000000000e+02 4.655920910186024386e+00
-4.230000000000000000e+02 4.657155876227950131e+00
-4.220000000000000000e+02 4.658793627076847521e+00
-4.210000000000000000e+02 4.659795305108540120e+00
-4.200000000000000000e+02 4.659919207416363562e+00
-4.190000000000000000e+02 4.661271977733023597e+00
-4.180000000000000000e+02 4.662826280111623589e+00
-4.170000000000000000e+02 4.663712624531642703e+00
-4.160000000000000000e+02 4.665266015265460808e+00
-4.150000000000000000e+02 4.665457610723749760e+00
-4.140000000000000000e+02 4.666745541963141619e+00
-4.130000000000000000e+02 4.668018341538069826e+00
-4.120000000000000000e+02 4.670105893553109233e+00
-4.110000000000000000e+02 4.672037693768123390e+00
-4.100000000000000000e+02 4.673315010607681508e+00
-4.090000000000000000e+02 4.674044834545815874e+00
-4.080000000000000000e+02 4.674709235959714881e+00
-4.070000000000000000e+02 4.676445725899888828e+00
-4.060000000000000000e+02 4.678528352584018890e+00
-4.050000000000000000e+02 4.679118316122300669e+00
-4.040000000000000000e+02 4.681618455204858087e+00
-4.030000000000000000e+02 4.682773832302188133e+00
-4.020000000000000000e+02 4.683400926732304903e+00
-4.010000000000000000e+02 4.686032446922059336e+00
-4.000000000000000000e+02 4.686819647207243200e+00
-3.990000000000000000e+02 4.688068441036444156e+00
-3.980000000000000000e+02 4.690762882985217708e+00
-3.970000000000000000e+02 4.692897720725202504e+00
-3.960000000000000000e+02 4.694940499472570750e+00
-3.950000000000000000e+02 4.697214325577097505e+00
-3.940000000000000000e+02 4.699458397001543553e+00
-3.930000000000000000e+02 4.701200300220093276e+00
-3.920000000000000000e+02 4.703512615232325444e+00
-3.910000000000000000e+02 4.704789510673018427e+00
-3.900000000000000000e+02 4.706632061384210530e+00
-3.890000000000000000e+02 4.709061401515570289e+00
-3.880000000000000000e+02 4.712027680174035282e+00
-3.870000000000000000e+02 4.714438904946543829e+00
-3.860000000000000000e+02 4.716963013764140733e+00
-3.850000000000000000e+02 4.718947113603472410e+00
-3.840000000000000000e+02 4.720662489083309765e+00
-3.830000000000000000e+02 4.723464383682800083e+00
-3.820000000000000000e+02 4.727735983085026739e+00
-3.810000000000000000e+02 4.730324456725855775e+00
-3.800000000000000000e+02 4.733086790662087928e+00
-3.790000000000000000e+02 4.736065247794798871e+00
-3.780000000000000000e+02 4.739770723277176856e+00
-3.770000000000000000e+02 4.742897964401624478e+00
-3.760000000000000000e+02 4.745578156134382830e+00
-3.750000000000000000e+02 4.750199870431370819e+00
-3.740000000000000000e+02 4.753482938049990558e+00
-3.730000000000000000e+02 4.757326098669106607e+00
-3.720000000000000000e+02 4.760361988927662047e+00
-3.710000000000000000e+02 4.763938396434131306e+00
-3.700000000000000000e+02 4.768127503748750051e+00
-3.690000000000000000e+02 4.772485137104253816e+00
-3.680000000000000000e+02 4.776616612122936978e+00
-3.670000000000000000e+02 4.781767566564564476e+00
-3.660000000000000000e+02 4.786920988820418721e+00
-3.650000000000000000e+02 4.792642068018535539e+00
-3.640000000000000000e+02 4.797864983232162928e+00
-3.630000000000000000e+02 4.803290530739612763e+00
-3.620000000000000000e+02 4.808877008403562137e+00
-3.610000000000000000e+02 4.813727583244665098e+00
-3.600000000000000000e+02 4.819789859435494428e+00
-3.590000000000000000e+02 4.827166202957299035e+00
-3.580000000000000000e+02 4.834293762953566720e+00
-3.570000000000000000e+02 4.840508101377517747e+00
-3.560000000000000000e+02 4.846795139276677489e+00
-3.550000000000000000e+02 4.854035687522463505e+00
-3.540000000000000000e+02 4.862231203748482500e+00
-3.530000000000000000e+02 4.870993198692964654e+00
-3.520000000000000000e+02 4.879632595115711347e+00
-3.510000000000000000e+02 4.888195291146722354e+00
-3.500000000000000000e+02 4.898898024804598350e+00
-3.490000000000000000e+02 4.908624439944589746e+00
-3.480000000000000000e+02 4.918227167402917210e+00
-3.470000000000000000e+02 4.929667972299482059e+00
-3.460000000000000000e+02 4.942178553986648737e+00
-3.450000000000000000e+02 4.953566546893442002e+00
-3.440000000000000000e+02 4.967184197082018748e+00
-3.430000000000000000e+02 4.982633877284587953e+00
-3.420000000000000000e+02 4.997519241911176024e+00
-3.410000000000000000e+02 5.013404946613178481e+00
-3.400000000000000000e+02 5.032071699127659059e+00
-3.390000000000000000e+02 5.051522274267403745e+00
-3.380000000000000000e+02 5.072562499363585609e+00
-3.370000000000000000e+02 5.096195584423137248e+00
-3.360000000000000000e+02 5.122542806178360664e+00
-3.350000000000000000e+02 5.153142650866807450e+00
-3.340000000000000000e+02 5.188967516460266438e+00
-3.330000000000000000e+02 5.232819988403790923e+00
-3.320000000000000000e+02 5.293444367747006218e+00
-3.310000000000000000e+02 5.380828393440155288e+00
-3.300000000000000000e+02 5.431805034478505156e+00
-3.290000000000000000e+02 5.458625665475379307e+00
-3.280000000000000000e+02 5.485896629124731305e+00
-3.270000000000000000e+02 5.498944095738855786e+00
-3.260000000000000000e+02 5.505136552639861236e+00
-3.250000000000000000e+02 5.508010539887178147e+00
-3.240000000000000000e+02 5.503817531434514798e+00
-3.230000000000000000e+02 5.497607808695530451e+00
-3.220000000000000000e+02 5.482319001433343608e+00
-3.210000000000000000e+02 5.455169248552481420e+00
-3.200000000000000000e+02 5.421586813309189345e+00
-3.190000000000000000e+02 5.370303296292894046e+00
-3.180000000000000000e+02 5.300238831038026177e+00
-3.170000000000000000e+02 5.261497749784099121e+00
-3.160000000000000000e+02 5.228860095389446627e+00
-3.150000000000000000e+02 5.204231389648285244e+00
-3.140000000000000000e+02 5.177578278401586687e+00
-3.130000000000000000e+02 5.159085358228050033e+00
-3.120000000000000000e+02 5.139555645720125909e+00
-3.110000000000000000e+02 5.120813848485239461e+00
-3.100000000000000000e+02 5.104660201371249428e+00
-3.090000000000000000e+02 5.093075290209730710e+00
-3.080000000000000000e+02 5.078608356239923793e+00
-3.070000000000000000e+02 5.062221188728079468e+00
-3.060000000000000000e+02 5.047249200495259380e+00
-3.050000000000000000e+02 5.039786155308742188e+00
-3.040000000000000000e+02 5.024699095401410354e+00
-3.030000000000000000e+02 5.016128185258549088e+00
-3.020000000000000000e+02 5.004537845540578012e+00
-3.010000000000000000e+02 4.997068838251571776e+00
-3.000000000000000000e+02 4.983868510764875026e+00
-2.990000000000000000e+02 4.970165147950314832e+00
-2.980000000000000000e+02 4.961873852426450071e+00
-2.970000000000000000e+02 4.959470437506218410e+00
-2.960000000000000000e+02 4.948916473942626126e+00
-2.950000000000000000e+02 4.937164756828769541e+00
-2.940000000000000000e+02 4.925365188637295333e+00
-2.930000000000000000e+02 4.915727078630359514e+00
-2.920000000000000000e+02 4.913524455952179792e+00
-2.910000000000000000e+02 4.912015537484082373e+00
-2.900000000000000000e+02 4.899135144402959163e+00
-2.890000000000000000e+02 4.891868823841466707e+00
-2.880000000000000000e+02 4.886936275757367554e+00
-2.870000000000000000e+02 4.878055523345424582e+00
-2.860000000000000000e+02 4.869359280737661777e+00
-2.850000000000000000e+02 4.862101431082730407e+00
-2.840000000000000000e+02 4.856372755218017367e+00
-2.830000000000000000e+02 4.847989138985173696e+00
-2.820000000000000000e+02 4.839026997166294919e+00
-2.810000000000000000e+02 4.833888647429325225e+00
-2.800000000000000000e+02 4.828963409960329578e+00
-2.790000000000000000e+02 4.818550906376542819e+00
-2.780000000000000000e+02 4.804283612441031970e+00
-2.770000000000000000e+02 4.798719471715549467e+00
-2.760000000000000000e+02 4.800957994654410754e+00
-2.750000000000000000e+02 4.792650355264698625e+00
-2.740000000000000000e+02 4.784240116764657103e+00
-2.730000000000000000e+02 4.781041913140688493e+00
-2.720000000000000000e+02 4.776958985020272053e+00
-2.710000000000000000e+02 4.772995994557236443e+00
-2.700000000000000000e+02 4.766612713372529342e+00
-2.690000000000000000e+02 4.755863380346742275e+00
-2.680000000000000000e+02 4.749476337888438593e+00
-2.670000000000000000e+02 4.739915251494781323e+00
-2.660000000000000000e+02 4.734722067035183279e+00
-2.650000000000000000e+02 4.730692356741991844e+00
-2.640000000000000000e+02 4.723833524453382005e+00
-2.630000000000000000e+02 4.723499804178241668e+00
-2.620000000000000000e+02 4.714427945961900512e+00
-2.610000000000000000e+02 4.710624975467196940e+00
-2.600000000000000000e+02 4.701281098549233484e+00
-2.590000000000000000e+02 4.696678677015488468e+00
-2.580000000000000000e+02 4.671546601242678953e+00
-2.570000000000000000e+02 4.613300717180701227e+00
-2.560000000000000000e+02 4.551144089905699630e+00
-2.550000000000000000e+02 4.487499196533184964e+00
-2.540000000000000000e+02 4.429964268297680086e+00
-2.530000000000000000e+02 4.367780640721321106e+00
-2.520000000000000000e+02 4.303221355681627003e+00
-2.510000000000000000e+02 4.241670630255190311e+00
-2.500000000000000000e+02 4.181994794922542447e+00
-2.490000000000000000e+02 4.118323218286440657e+00
-2.480000000000000000e+02 4.054855254282997201e+00
-2.470000000000000000e+02 3.990402374072409497e+00
-2.460000000000000000e+02 3.922018715783643028e+00
-2.450000000000000000e+02 3.854154117488330478e+00
-2.440000000000000000e+02 3.786624009679457004e+00
-2.430000000000000000e+02 3.722835077039988061e+00
-2.420000000000000000e+02 3.651049012139145677e+00
-2.410000000000000000e+02 3.583035802917161394e+00
-2.400000000000000000e+02 3.516322255538198771e+00
-2.390000000000000000e+02 3.447683264230267053e+00
-2.380000000000000000e+02 3.382517987320146524e+00
-2.370000000000000000e+02 3.313767505279595404e+00
-2.360000000000000000e+02 3.238463393881893193e+00
-2.350000000000000000e+02 3.171903521071371301e+00
-2.340000000000000000e+02 3.103338438013944156e+00
-2.330000000000000000e+02 3.028421033749600255e+00
-2.320000000000000000e+02 2.952517440968431828e+00
-2.310000000000000000e+02 2.895800230825807287e+00
-2.300000000000000000e+02 2.889405442649551681e+00
-2.290000000000000000e+02 2.886943318057966223e+00
-2.280000000000000000e+02 2.884357454290815248e+00
-2.270000000000000000e+02 2.883200720631931446e+00
-2.260000000000000000e+02 2.881988448214668708e+00
-2.250000000000000000e+02 2.879472487770066813e+00
-2.240000000000000000e+02 2.877731871424658472e+00
-2.230000000000000000e+02 2.875569963474156054e+00
-2.220000000000000000e+02 2.874515895650078257e+00
-2.210000000000000000e+02 2.872852858004049104e+00
-2.200000000000000000e+02 2.871287771823441304e+00
-2.190000000000000000e+02 2.869066470416623993e+00
-2.180000000000000000e+02 2.867070227113675873e+00
-2.170000000000000000e+02 2.865668558130967991e+00
-2.160000000000000000e+02 2.863610129956817740e+00
-2.150000000000000000e+02 2.862576430845251263e+00
-2.140000000000000000e+02 2.860726246186197752e+00
-2.130000000000000000e+02 2.858310777354515331e+00
-2.120000000000000000e+02 2.856950266586607334e+00
-2.110000000000000000e+02 2.854213828850741486e+00
-2.100000000000000000e+02 2.853194117451169909e+00
-2.090000000000000000e+02 2.850897631509613728e+00
-2.080000000000000000e+02 2.849026971572154121e+00
-2.070000000000000000e+02 2.846964357244465837e+00
-2.060000000000000000e+02 2.845173878020800018e+00
-2.050000000000000000e+02 2.842958054614703300e+00
-2.040000000000000000e+02 2.841420155882360632e+00
-2.030000000000000000e+02 2.840150804840519072e+00
-2.020000000000000000e+02 2.838122537195385764e+00
-2.010000000000000000e+02 2.836359181159338494e+00
-2.000000000000000000e+02 2.834463450535850804e+00
-1.990000000000000000e+02 2.832628844935645596e+00
-1.980000000000000000e+02 2.830411850043096145e+00
-1.970000000000000000e+02 2.828206994135779251e+00
-1.960000000000000000e+02 2.826658106353052258e+00
-1.950000000000000000e+02 2.824526026264105649e+00
-1.940000000000000000e+02 2.822418709532824366e+00
-1.930000000000000000e+02 2.820488535559359633e+00
-1.920000000000000000e+02 2.818491087624089619e+00
-1.910000000000000000e+02 2.817372889757109089e+00
-1.900000000000000000e+02 2.814987513743548941e+00
-1.890000000000000000e+02 2.813180344615052952e+00
-1.880000000000000000e+02 2.811460163887220087e+00
-1.870000000000000000e+02 2.809757126533436900e+00
-1.860000000000000000e+02 2.807499810498745418e+00
-1.850000000000000000e+02 2.805279300958007038e+00
-1.840000000000000000e+02 2.802893066102833952e+00
-1.830000000000000000e+02 2.801403539172699464e+00
-1.820000000000000000e+02 2.799070565363996010e+00
-1.810000000000000000e+02 2.797041096522301817e+00
-1.800000000000000000e+02 2.795137026399042490e+00
-1.790000000000000000e+02 2.793141625411371454e+00
-1.780000000000000000e+02 2.791472237997750572e+00
-1.770000000000000000e+02 2.789630774123158741e+00
-1.760000000000000000e+02 2.787171122706999515e+00
-1.750000000000000000e+02 2.785162367573772446e+00
-1.740000000000000000e+02 2.783455427208950450e+00
-1.730000000000000000e+02 2.781342767818820949e+00
-1.720000000000000000e+02 2.779426263286705279e+00
-1.710000000000000000e+02 2.776769606765528753e+00
-1.700000000000000000e+02 2.774900843901060288e+00
-1.690000000000000000e+02 2.773502960661916816e+00
-1.680000000000000000e+02 2.770946746603540234e+00
-1.670000000000000000e+02 2.769222984349981154e+00
-1.660000000000000000e+02 2.767345110701756372e+00
-1.650000000000000000e+02 2.765083213931715633e+00
-1.640000000000000000e+02 2.763321943190215180e+00
-1.630000000000000000e+02 2.760637519182683519e+00
-1.620000000000000000e+02 2.758722137725821089e+00
-1.610000000000000000e+02 2.756731994595484014e+00
-1.600000000000000000e+02 2.754249589373404916e+00
-1.590000000000000000e+02 2.752585955614490487e+00
-1.580000000000000000e+02 2.750857550840030363e+00
-1.570000000000000000e+02 2.748096888009781580e+00
-1.560000000000000000e+02 2.746629676344382709e+00
-1.550000000000000000e+02 2.744335032002450436e+00
-1.540000000000000000e+02 2.742272219442747794e+00
-1.530000000000000000e+02 2.739672723925897557e+00
-1.520000000000000000e+02 2.737848334326644650e+00
-1.510000000000000000e+02 2.735862177818871643e+00
-1.500000000000000000e+02 2.733909684827104059e+00
