        -851   2.7339096848271041     
        -850   2.7358621778188716     
        -849   2.7378483343266447     
        -848   2.7396727239258976     
        -847   2.7422722194427478     
        -846   2.7443350320024504     
        -845   2.7466296763443827     
        -844   2.7480968880097816     
        -843   2.7508575508400304     
        -842   2.7525859556144905     
        -841   2.7542495893734049     
        -840   2.7567319945954840     
        -839   2.7587221377258211     
        -838   2.7606375191826835     
        -837   2.7633219431902152     
        -836   2.7650832139317156     
        -835   2.7673451107017564     
        -834   2.7692229843499812     
        -833   2.7709467466035402     
        -832   2.7735029606619168     
        -831   2.7749008439010603     
        -830   2.7767696067655288     
        -829   2.7794262632867053     
        -828   2.7813427678188209     
        -827   2.7834554272089505     
        -826   2.7851623675737724     
        -825   2.7871711227069995     
        -824   2.7896307741231587     
        -823   2.7914722379977506     
        -822   2.7931416254113715     
        -821   2.7951370263990425     
        -820   2.7970410965223018     
        -819   2.7990705653639960     
        -818   2.8014035391726995     
        -817   2.8028930661028340     
        -816   2.8052793009580070     
        -815   2.8074998104987454     
        -814   2.8097571265334369     
        -813   2.8114601638872201     
        -812   2.8131803446150530     
        -811   2.8149875137435489     
        -810   2.8173728897571091     
        -809   2.8184910876240896     
        -808   2.8204885355593596     
        -807   2.8224187095328244     
        -806   2.8245260262641056     
        -805   2.8266581063530523     
        -804   2.8282069941357793     
        -803   2.8304118500430961     
        -802   2.8326288449356456     
        -801   2.8344634505358508     
        -800   2.8363591811593385     
        -799   2.8381225371953858     
        -798   2.8401508048405191     
        -797   2.8414201558823606     
        -796   2.8429580546147033     
        -795   2.8451738780208000     
        -794   2.8469643572444658     
        -793   2.8490269715721541     
        -792   2.8508976315096137     
        -791   2.8531941174511699     
        -790   2.8542138288507415     
        -789   2.8569502665866073     
        -788   2.8583107773545153     
        -787   2.8607262461861978     
        -786   2.8625764308452513     
        -785   2.8636101299568177     
        -784   2.8656685581309680     
        -783   2.8670702271136759     
        -782   2.8690664704166240     
        -781   2.8712877718234413     
        -780   2.8728528580040491     
        -779   2.8745158956500783     
        -778   2.8755699634741561     
        -777   2.8777318714246585     
        -776   2.8794724877700668     
        -775   2.8819884482146687     
        -774   2.8832007206319314     
        -773   2.8843574542908152     
        -772   2.8869433180579662     
        -771   2.8894054426495517     
        -770   2.8958002308258073     
        -769   2.9525174409684318     
        -768   3.0284210337496003     
        -767   3.1033384380139442     
        -766   3.1719035210713713     
        -765   3.2384633938818932     
        -764   3.3137675052795954     
        -763   3.3825179873201465     
        -762   3.4476832642302671     
        -761   3.5163222555381988     
        -760   3.5830358029171614     
        -759   3.6510490121391457     
        -758   3.7228350770399881     
        -757   3.7866240096794570     
        -756   3.8541541174883305     
        -755   3.9220187157836430     
        -754   3.9904023740724095     
        -753   4.0548552542829972     
        -752   4.1183232182864407     
        -751   4.1819947949225424     
        -750   4.2416706302551903     
        -749   4.3032213556816270     
        -748   4.3677806407213211     
        -747   4.4299642682976801     
        -746   4.4874991965331850     
        -745   4.5511440899056996     
        -744   4.6133007171807012     
        -743   4.6715466012426790     
        -742   4.6966786770154885     
        -741   4.7012810985492335     
        -740   4.7106249754671969     
        -739   4.7144279459619005     
        -738   4.7234998041782417     
        -737   4.7238335244533820     
        -736   4.7306923567419918     
        -735   4.7347220670351833     
        -734   4.7399152514947813     
        -733   4.7494763378884386     
        -732   4.7558633803467423     
        -731   4.7666127133725293     
        -730   4.7729959945572364     
        -729   4.7769589850202721     
        -728   4.7810419131406885     
        -727   4.7842401167646571     
        -726   4.7926503552646986     
        -725   4.8009579946544108     
        -724   4.7987194717155495     
        -723   4.8042836124410320     
        -722   4.8185509063765428     
        -721   4.8289634099603296     
        -720   4.8338886474293252     
        -719   4.8390269971662949     
        -718   4.8479891389851737     
        -717   4.8563727552180174     
        -716   4.8621014310827304     
        -715   4.8693592807376618     
        -714   4.8780555233454246     
        -713   4.8869362757573676     
        -712   4.8918688238414667     
        -711   4.8991351444029592     
        -710   4.9120155374840824     
        -709   4.9135244559521798     
        -708   4.9157270786303595     
        -707   4.9253651886372953     
        -706   4.9371647568287695     
        -705   4.9489164739426261     
        -704   4.9594704375062184     
        -703   4.9618738524264501     
        -702   4.9701651479503148     
        -701   4.9838685107648750     
        -700   4.9970688382515718     
        -699   5.0045378455405780     
        -698   5.0161281852585491     
        -697   5.0246990954014104     
        -696   5.0397861553087422     
        -695   5.0472492004952594     
        -694   5.0622211887280795     
        -693   5.0786083562399238     
        -692   5.0930752902097307     
        -691   5.1046602013712494     
        -690   5.1208138484852395     
        -689   5.1395556457201259     
        -688   5.1590853582280500     
        -687   5.1775782784015867     
        -686   5.2042313896482852     
        -685   5.2288600953894466     
        -684   5.2614977497840991     
        -683   5.3002388310380262     
        -682   5.3703032962928940     
        -681   5.4215868133091893     
        -680   5.4551692485524814     
        -679   5.4823190014333436     
        -678   5.4976078086955305     
        -677   5.5038175314345148     
        -676   5.5080105398871781     
        -675   5.5051365526398612     
        -674   5.4989440957388558     
        -673   5.4858966291247313     
        -672   5.4586256654753793     
        -671   5.4318050344785052     
        -670   5.3808283934401553     
        -669   5.2934443677470062     
        -668   5.2328199884037909     
        -667   5.1889675164602664     
        -666   5.1531426508668075     
        -665   5.1225428061783607     
        -664   5.0961955844231372     
        -663   5.0725624993635856     
        -662   5.0515222742674037     
        -661   5.0320716991276591     
        -660   5.0134049466131785     
        -659   4.9975192419111760     
        -658   4.9826338772845880     
        -657   4.9671841970820187     
        -656   4.9535665468934420     
        -655   4.9421785539866487     
        -654   4.9296679722994821     
        -653   4.9182271674029172     
        -652   4.9086244399445897     
        -651   4.8988980248045984     
        -650   4.8881952911467224     
        -649   4.8796325951157113     
        -648   4.8709931986929647     
        -647   4.8622312037484825     
        -646   4.8540356875224635     
        -645   4.8467951392766775     
        -644   4.8405081013775177     
        -643   4.8342937629535667     
        -642   4.8271662029572990     
        -641   4.8197898594354944     
        -640   4.8137275832446651     
        -639   4.8088770084035621     
        -638   4.8032905307396128     
        -637   4.7978649832321629     
        -636   4.7926420680185355     
        -635   4.7869209888204187     
        -634   4.7817675665645645     
        -633   4.7766166121229370     
        -632   4.7724851371042538     
        -631   4.7681275037487501     
        -630   4.7639383964341313     
        -629   4.7603619889276620     
        -628   4.7573260986691066     
        -627   4.7534829380499906     
        -626   4.7501998704313708     
        -625   4.7455781561343828     
        -624   4.7428979644016245     
        -623   4.7397707232771769     
        -622   4.7360652477947989     
        -621   4.7330867906620879     
        -620   4.7303244567258558     
        -619   4.7277359830850267     
        -618   4.7234643836828001     
        -617   4.7206624890833098     
        -616   4.7189471136034724     
        -615   4.7169630137641407     
        -614   4.7144389049465438     
        -613   4.7120276801740353     
        -612   4.7090614015155703     
        -611   4.7066320613842105     
        -610   4.7047895106730184     
        -609   4.7035126152323254     
        -608   4.7012003002200933     
        -607   4.6994583970015436     
        -606   4.6972143255770975     
        -605   4.6949404994725707     
        -604   4.6928977207252025     
        -603   4.6907628829852177     
        -602   4.6880684410364442     
        -601   4.6868196472072432     
        -600   4.6860324469220593     
        -599   4.6834009267323049     
        -598   4.6827738323021881     
        -597   4.6816184552048581     
        -596   4.6791183161223007     
        -595   4.6785283525840189     
        -594   4.6764457258998888     
        -593   4.6747092359597149     
        -592   4.6740448345458159     
        -591   4.6733150106076815     
        -590   4.6720376937681234     
        -589   4.6701058935531092     
        -588   4.6680183415380698     
        -587   4.6667455419631416     
        -586   4.6654576107237498     
        -585   4.6652660152654608     
        -584   4.6637126245316427     
        -583   4.6628262801116236     
        -582   4.6612719777330236     
        -581   4.6599192074163636     
        -580   4.6597953051085401     
        -579   4.6587936270768475     
        -578   4.6571558762279501     
        -577   4.6559209101860244     
        -576   4.6557482514642947     
        -575   4.6543349513529497     
        -574   4.6535649104694121     
        -573   4.6521472026283792     
        -572   4.6511114846401860     
        -571   4.6504938546560757     
        -570   4.6500820553326463     
        -569   4.6486618422019257     
        -568   4.6481648930605255     
        -567   4.6476892843895916     
        -566   4.6468471070102977     
        -565   4.6456352280858741     
        -564   4.6451199519878692     
        -563   4.6440670644878894     
        -562   4.6427961285738517     
        -561   4.6420213826510031     
        -560   4.6413948017906677     
        -559   4.6408318856233439     
        -558   4.6399648050554143     
        -557   4.6387292302090719     
        -556   4.6391644087747839     
        -555   4.6370093435072768     
        -554   4.6376071084435306     
        -553   4.6360832141535635     
        -552   4.6352634561066610     
        -551   4.6348369884794742     
        -550   4.6344316594517645     
        -549   4.6343586905851071     
        -548   4.6336070962001488     
        -547   4.6328241702266260     
        -546   4.6325759438734497     
        -545   4.6312285898122028     
        -544   4.6295944883811533     
        -543   4.6285697435222675     
        -542   4.6282571724144308     
        -541   4.6280222387099554     
        -540   4.6262018806080896     
        -539   4.6261781860142204     
        -538   4.6265424439464571     
        -537   4.6258785295685962     
        -536   4.6252173958264748     
        -535   4.6241374962651491     
        -534   4.6241693587200823     
        -533   4.6237952113744161     
        -532   4.6228431126912941     
        -531   4.6222655401404360     
        -530   4.6220492157328179     
        -529   4.6210139321986485     
        -528   4.6202263483627055     
        -527   4.6197316258386438     
        -526   4.6185348066630079     
        -525   4.6183039771364829     
        -524   4.6185695748679914     
        -523   4.6187826524589468     
        -522   4.6158286302736471     
        -521   4.6151411925660062     
        -520   4.6140901956613201     
        -519   4.6147508632109000     
        -518   4.6145058324403854     
        -517   4.6141610407259357     
        -516   4.6122254619700955     
        -515   4.6117037068180675     
        -514   4.6108451484683979     
        -513   4.6103676172520052     
        -512   4.6109790184952075     
        -511   4.6094691661906761     
        -510   4.6091819686173539     
        -509   4.6086497413903613     
        -508   4.6076012815206235     
        -507   4.6069863585128417     
        -506   4.6063673830819019     
        -505   4.6061859436232417     
        -504   4.6047079484015470     
        -503   4.6055188652343633     
        -502   4.6041648502323271     
        -501   4.6052361217153024     
        -500   4.6037536295186907     
        -499   4.6018055605921617     
        -498   4.6016369149809737     
        -497   4.6010447533646968     
        -496   4.5997064331136581     
        -495   4.5993565477056295     
        -494   4.5985745594311389     
        -493   4.5989277802389958     
        -492   4.5979397785495371     
        -491   4.5982356192364469     
        -490   4.5970148077067989     
        -489   4.5962478962441127     
        -488   4.5959231617154588     
        -487   4.5949323639359712     
        -486   4.5956239147855120     
        -485   4.5945489970198281     
        -484   4.5933174620772297     
        -483   4.5940628741366929     
        -482   4.5931825442618104     
        -481   4.5919985232034559     
        -480   4.5902808331940905     
        -479   4.5898200369184341     
        -478   4.5900555077330818     
        -477   4.5882205176931263     
        -476   4.5881719260886671     
        -475   4.5877168396982366     
        -474   4.5875210990150714     
        -473   4.5870078493522390     
        -472   4.5856733165414214     
        -471   4.5855004023612018     
        -470   4.5845251227251396     
        -469   4.5840965010730397     
        -468   4.5838830898652851     
        -467   4.5839946284706210     
        -466   4.5833562528570004     
        -465   4.5818094560470790     
        -464   4.5807896640702541     
        -463   4.5810124329131154     
        -462   4.5807910037547783     
        -461   4.5805078148486436     
        -460   4.5799724431941566     
        -459   4.5789606873017208     
        -458   4.5792593830160309     
        -457   4.5780295692339701     
        -456   4.5781481198594047     
        -455   4.5775126452367099     
        -454   4.5771915014996472     
        -453   4.5767688740290611     
        -452   4.5754784977991525     
        -451   4.5760560147746157     
        -450   4.5746015264063953     
        -449   4.5739400676362578     
        -448   4.5743881128210369     
        -447   4.5745982037560733     
        -446   4.5738850703846738     
        -445   4.5734120008128292     
        -444   4.5725933415616922     
        -443   4.5726208489729592     
        -442   4.5714912364187352     
        -441   4.5716291603814083     
        -440   4.5708227970512807     
        -439   4.5714856967739772     
        -438   4.5707656175735387     
        -437   4.5705723093117152     
        -436   4.5703326905839310     
        -435   4.5698441800124892     
        -434   4.5689452622014013     
        -433   4.5698378623277982     
        -432   4.5695105032056613     
        -431   4.5694202064591467     
        -430   4.5688978508529727     
        -429   4.5684625539732213     
        -428   4.5688048922984716     
        -427   4.5684888405196098     
        -426   4.5685669228832166     
        -425   4.5681806042849784     
        -424   4.5685555810447616     
        -423   4.5695221583745358     
        -422   4.5695301458589679     
        -421   4.5687674255507771     
        -420   4.5686675791661777     
        -419   4.5694708624685889     
        -418   4.5695767400281317     
        -417   4.5694146365342032     
        -416   4.5697961486579883     
        -415   4.5695420178801838     
        -414   4.5709096596688985     
        -413   4.5706597495867118     
        -412   4.5710491753118543     
        -411   4.5709563783799831     
        -410   4.5714509230210965     
        -409   4.5724376996896714     
        -408   4.5736171472409675     
        -407   4.5735632544535356     
        -406   4.5742709290604395     
        -405   4.5745899383991437     
        -404   4.5750736455375325     
        -403   4.5759578553311204     
        -402   4.5769762592888146     
        -401   4.5777856932008714     
        -400   4.5783673842605834     
        -399   4.5795420362937511     
        -398   4.5804980284567964     
        -397   4.5818500179353814     
        -396   4.5824056999990024     
        -395   4.5831810592797328     
        -394   4.5860076135299632     
        -393   4.5863952994204196     
        -392   4.5875306210540643     
        -391   4.5898075413092831     
        -390   4.5904987053217861     
        -389   4.5918917764058262     
        -388   4.5934112934961018     
        -387   4.5956426421232228     
        -386   4.5976242089522907     
        -385   4.5994717092601221     
        -384   4.6020248210854620     
        -383   4.6034573512645132     
        -382   4.6063226256434202     
        -381   4.6085323421733699     
        -380   4.6107807115729589     
        -379   4.6127143064280141     
        -378   4.6157045447885690     
        -377   4.6182577250326542     
        -376   4.6208149524314148     
        -375   4.6243238189976941     
        -374   4.6275851653982176     
        -373   4.6303411835512662     
        -372   4.6338696532874053     
        -371   4.6368749038383132     
        -370   4.6407990608605596     
        -369   4.6451542518834312     
        -368   4.6491557169121958     
        -367   4.6532090249657037     
        -366   4.6575779777124104     
        -365   4.6616965191908353     
        -364   4.6668671966073623     
        -363   4.6718549379256915     
        -362   4.6765717416823973     
        -361   4.6820284490484863     
        -360   4.6880876346192935     
        -359   4.6939307790592695     
        -358   4.6992239791307817     
        -357   4.7063645232160383     
        -356   4.7131051953658920     
        -355   4.7201917492116685     
        -354   4.7278602764956021     
        -353   4.7353019895126574     
        -352   4.7440712310431659     
        -351   4.7520651261280840     
        -350   4.7615675051421631     
        -349   4.7705244605303099     
        -348   4.7804727318084810     
        -347   4.7902982599857049     
        -346   4.8004740323240984     
        -345   4.8129539653845610     
        -344   4.8251404484176330     
        -343   4.8378875857206127     
        -342   4.8522540313101485     
        -341   4.8670210652401655     
        -340   4.8829608816241210     
        -339   4.8994246749244423     
        -338   4.9179628573435110     
        -337   4.9367449713636153     
        -336   4.9575996396552986     
        -335   4.9804939820004606     
        -334   5.0048810072495025     
        -333   5.0325780469538275     
        -332   5.0621211290833488     
        -331   5.0971411316637782     
        -330   5.1367209025466627     
        -329   5.1875621690577214     
        -328   5.2579924470037964     
        -327   5.3393443115863954     
        -326   5.3940411654575362     
        -325   5.4342647590329936     
        -324   5.4571004786327428     
        -323   5.4846161995449476     
        -322   5.5040706708063531     
        -321   5.5202016932555882     
        -320   5.5280303127959991     
        -319   5.5328016960429025     
        -318   5.5368566505957277     
        -317   5.5339464139625330     
        -316   5.5293996658674471     
        -315   5.5291772007467266     
        -314   5.5213256570310429     
        -313   5.5055898987788510     
        -312   5.4949939914986645     
        -311   5.4825387383684703     
        -310   5.4598374350644487     
        -309   5.4386779894466954     
        -308   5.4230784095117643     
        -307   5.3978711584777042     
        -306   5.3722580132769950     
        -305   5.3421942229392325     
        -304   5.3092042874465664     
        -303   5.2807745857219812     
        -302   5.2479487026718310     
        -301   5.2106760861505919     
        -300   5.1730454951613698     
        -299   5.1274006108518098     
        -298   5.0835116185240485     
        -297   5.0328682165083194     
        -296   4.9736463104294391     
        -295   4.9081485996147691     
        -294   4.8241519376505151     
        -293   4.7365269056494892     
        -292   4.6651940232547311     
        -291   4.6114930488024148     
        -290   4.5604689056796079     
        -289   4.5150183180454473     
        -288   4.4696225962978504     
        -287   4.4248067786454399     
        -286   4.3891531144327196     
        -285   4.3494662582553909     
        -284   4.3132256161298494     
        -283   4.2802495621315346     
        -282   4.2463592093936198     
        -281   4.2163322823727203     
        -280   4.1830721921385683     
        -279   4.1530162489755353     
        -278   4.1253632617992153     
        -277   4.0963951874290601     
        -276   4.0679962592871659     
        -275   4.0385534439470057     
        -274   4.0109178369005907     
        -273   3.9855730212733920     
        -272   3.9609589779084837     
        -271   3.9341505032629516     
        -270   3.9117311874424563     
        -269   3.8842051323672182     
        -268   3.8576463867463180     
        -267   3.8381543735714518     
        -266   3.8118508977305359     
        -265   3.7929825958292938     
        -264   3.7723477739937024     
        -263   3.7529806718748575     
        -262   3.7294511095708049     
        -261   3.7091470898772809     
        -260   3.6833268531087664     
        -259   3.6641710846192517     
        -258   3.6440658259159391     
        -257   3.6249125343938298     
        -256   3.6050418565987021     
        -255   3.5849919593813313     
        -254   3.5676338782217507     
        -253   3.5459859136753020     
        -252   3.5330179889166531     
        -251   3.5131918492722716     
        -250   3.4939975948072042     
        -249   3.4803001397083237     
        -248   3.4642476366850992     
        -247   3.4456255091419044     
        -246   3.4265731965730168     
        -245   3.4062945409685326     
        -244   3.3900457812465397     
        -243   3.3688957213690953     
        -242   3.3577548387370353     
        -241   3.3340701645131232     
        -240   3.3216084113787048     
        -239   3.3073440148462705     
        -238   3.2865001171934050     
        -237   3.2710508178122599     
        -236   3.2574066424825388     
        -235   3.2372093614170070     
        -234   3.2216641268120485     
        -233   3.2105839798551825     
        -232   3.1960776561489164     
        -231   3.1603510930352448     
        -230   3.0943620570775554     
        -229   3.0314807345153421     
        -228   2.9643847815069071     
        -227   2.9020348039402326     
        -226   2.8346668362807166     
        -225   2.7659963282374460     
        -224   2.7093371507873445     
        -223   2.7023222113841801     
        -222   2.7003655956827375     
        -221   2.6981484907563820     
        -220   2.6967770555324337     
        -219   2.6943050466646596     
        -218   2.6923367467632122     
        -217   2.6907571831431385     
        -216   2.6888142885494140     
        -215   2.6867404648266344     
        -214   2.6843346402921413     
        -213   2.6826532650753796     
        -212   2.6810623488006864     
        -211   2.6789519850400354     
        -210   2.6772137450242477     
        -209   2.6756957802369228     
        -208   2.6733495973796098     
        -207   2.6708919041475672     
        -206   2.6689429073736406     
        -205   2.6676584074078438     
        -204   2.6656744233558554     
        -203   2.6639790908879442     
        -202   2.6622858314184459     
        -201   2.6599996203152152     
        -200   2.6572096172870570     
        -199   2.6557601797241612     
        -198   2.6542652078918501     
        -197   2.6526652415356233     
        -196   2.6496883232439901     
        -195   2.6476673676760361     
        -194   2.6459747890283349     
        -193   2.6441765841405105     
        -192   2.6424377958019392     
        -191   2.6401654731119892     
        -190   2.6385963405515813     
        -189   2.6357316345503849     
        -188   2.6338006662005795     
        -187   2.6321892279498984     
        -186   2.6300386531994437     
        -185   2.6288884526455614     
        -184   2.6267843910104194     
        -183   2.6253003405384807     
        -182   2.6230239445890362     
        -181   2.6210587539483066     
        -180   2.6188275130962975     
        -179   2.6166023750210283     
        -178   2.6148501092780521     
        -177   2.6125271008020849     
        -176   2.6105305144486617     
        -175   2.6084541290073804     
        -174   2.6062158469839201     
        -173   2.6041911650717720     
        -172   2.6021455910768134     
        -171   2.6001299319162996     
        -170   2.5978915535905962     
        -169   2.5963584568251425     
        -168   2.5944355208219632     
        -167   2.5923955254093660     
        -166   2.5908497332577682     
        -165   2.5886516018987580     
        -164   2.5868445719788027     
        -163   2.5846830280740463     
        -162   2.5821521064373338     
        -161   2.5806862195996700     
        -160   2.5785616462389882     
        -159   2.5764077540800945     
        -158   2.5745784726645966     
        -157   2.5721269633418831     
        -156   2.5702601800356346     
        -155   2.5678622886594780     
        -154   2.5660435276251734     
        -153   2.5640220545754313     
        -152   2.5618020269996040     
        -151   2.5599230980100036     
        -150   2.5584384306885632     
