    1   0.10233         0         0     0.155
    2   0.10471         0         0     0.159
    3   0.10715         0         0     0.162
    4   0.10965         0         0     0.166
    5   0.11220         0         0     0.170
    6   0.11482         0         0     0.174
    7   0.11749         0         0     0.178
    8   0.12023         0         0     0.182
    9   0.12303         0         0     0.186
   10   0.12589         0         0     0.191
   11   0.12882         0         0     0.195
   12   0.13183         0         0     0.200
   13   0.13490         0         0     0.204
   14   0.13804         0         0     0.209
   15   0.14125         0         0     0.214
   16   0.14454         0         0     0.219
   17   0.14791         0         0     0.224
   18   0.15136         0         0     0.229
   19   0.15488         0         0     0.235
   20   0.15849         0         0     0.240
   21   0.16218         0         0     0.246
   22   0.16596         0         0     0.251
   23   0.16982         0         0     0.257
   24   0.17378         0         0     0.263
   25   0.17783         0         0     0.269
   26   0.18197         0         0     0.276
   27   0.18621         0         0     0.282
   28   0.19055         0         0     0.289
   29   0.19498         0         0     0.295
   30   0.19953         0         0     0.302
   31   0.20417         0         0     0.309
   32   0.20893         0         0     0.316
   33   0.21380         0         0     0.324
   34   0.21878         0         0     0.331
   35   0.22387         0         0     0.339
   36   0.22909         0         0     0.347
   37   0.23442         0         0     0.355
   38   0.23988         0         0     0.363
   39   0.24547         0         0     0.372
   40   0.25119         0         0     0.380
   41   0.25704         0         0     0.389
   42   0.26303         0         0     0.398
   43   0.26915         0         0     0.408
   44   0.27542         0         0     0.417
   45   0.28184         0         0     0.427
   46   0.28840         0         0     0.437
   47   0.29512         0         0     0.447
   48   0.30200         0         0     0.457
   49   0.30903         0         0     0.468
   50   0.31623         0         0     0.479
   51   0.32359         0         0     0.490
   52   0.33113         0         0     0.502
   53   0.33884         0         0     0.513
   54   0.34674         0         0     0.525
   55   0.35481         0         0     0.537
   56   0.36308         0         0     0.550
   57   0.37154         0         0     0.563
   58   0.38019         0         0     0.576
   59   0.38905         0         0     0.589
   60   0.39811         0         0     0.603
   61   0.40738         0         0     0.617
   62   0.41687    284356    284356     0.631
   63   0.42658         0    284356     0.646
   64   0.43652         0    284356     0.661
   65   0.44668         0    284356     0.677
   66   0.45709         0    284356     0.692
   67   0.46774         0    284356     0.709
   68   0.47863         0    284356     0.725
   69   0.48978         0    284356     0.742
   70   0.50119         0    284356     0.759
   71   0.51286         0    284356     0.777
   72   0.52481         0    284356     0.795
   73   0.53703         0    284356     0.813
   74   0.54954         0    284356     0.832
   75   0.56234         0    284356     0.852
   76   0.57544         0    284356     0.872
   77   0.58884         0    284356     0.892
   78   0.60256         0    284356     0.913
   79   0.61660         0    284356     0.934
   80   0.63096         0    284356     0.956
   81   0.64565         0    284356     0.978
   82   0.66069         0    284356     1.001
   83   0.67608         0    284356     1.024
   84   0.69183         0    284356     1.048
   85   0.70795         0    284356     1.072
   86   0.72444         0    284356     1.097
   87   0.74131         0    284356     1.123
   88   0.75858         0    284356     1.149
   89   0.77625         0    284356     1.176
   90   0.79433         0    284356     1.203
   91   0.81283         0    284356     1.231
   92   0.83176    391844    676200     1.260
   93   0.85114         0    676200     1.289
   94   0.87096         0    676200     1.319
   95   0.89125         0    676200     1.350
   96   0.91201         0    676200     1.382
   97   0.93325         0    676200     1.414
   98   0.95499         0    676200     1.447
   99   0.97724         0    676200     1.480
  100   1.00000         0    676200     1.515
  101   1.02329         0    676200     1.550
  102   1.04713         0    676200     1.586
  103   1.07152         0    676200     1.623
  104   1.09648         0    676200     1.661
  105   1.12202         0    676200     1.700
  106   1.14815         0    676200     1.739
  107   1.17490         0    676200     1.780
  108   1.20226         0    676200     1.821
  109   1.23027         0    676200     1.864
  110   1.25893    164249    840449     1.907
  111   1.28825         0    840449     1.951
  112   1.31826         0    840449     1.997
  113   1.34896         0    840449     2.043
  114   1.38038         0    840449     2.091
  115   1.41254         0    840449     2.140
  116   1.44544         0    840449     2.190
  117   1.47911         0    840449     2.241
  118   1.51356         0    840449     2.293
  119   1.54882         0    840449     2.346
  120   1.58489         0    840449     2.401
  121   1.62181         0    840449     2.457
  122   1.65959     62633    903082     2.514
  123   1.69824         0    903082     2.572
  124   1.73780         0    903082     2.632
  125   1.77828         0    903082     2.694
  126   1.81970         0    903082     2.756
  127   1.86209         0    903082     2.821
  128   1.90546         0    903082     2.886
  129   1.94984         0    903082     2.954
  130   1.99526         0    903082     3.022
  131   2.04174         0    903082     3.093
  132   2.08930     27626    930708     3.165
  133   2.13796         0    930708     3.239
  134   2.18776         0    930708     3.314
  135   2.23872         0    930708     3.391
  136   2.29087         0    930708     3.470
  137   2.34423         0    930708     3.551
  138   2.39883         0    930708     3.634
  139   2.45471         0    930708     3.718
  140   2.51189     17657    948365     3.805
  141   2.57040         0    948365     3.894
  142   2.63027         0    948365     3.984
  143   2.69153         0    948365     4.077
  144   2.75423         0    948365     4.172
  145   2.81838         0    948365     4.269
  146   2.88403         0    948365     4.369
  147   2.95121     12614    960979     4.470
  148   3.01995         0    960979     4.575
  149   3.09030         0    960979     4.681
  150   3.16228         0    960979     4.790
  151   3.23594         0    960979     4.902
  152   3.31131      8914    969893     5.016
  153   3.38844         0    969893     5.133
  154   3.46737         0    969893     5.252
  155   3.54813         0    969893     5.375
  156   3.63078         0    969893     5.500
  157   3.71535      6664    976557     5.628
  158   3.80189         0    976557     5.759
  159   3.89045         0    976557     5.893
  160   3.98107         0    976557     6.030
  161   4.07380         0    976557     6.171
  162   4.16869      4846    981403     6.315
  163   4.26580         0    981403     6.462
  164   4.36516         0    981403     6.612
  165   4.46684         0    981403     6.766
  166   4.57088      3725    985128     6.924
  167   4.67735         0    985128     7.085
  168   4.78630         0    985128     7.250
  169   4.89779         0    985128     7.419
  170   5.01187      2784    987912     7.592
  171   5.12861         0    987912     7.769
  172   5.24808         0    987912     7.950
  173   5.37032      2149    990061     8.135
  174   5.49541         0    990061     8.324
  175   5.62341         0    990061     8.518
  176   5.75440         0    990061     8.717
  177   5.88844      1731    991792     8.920
  178   6.02560         0    991792     9.128
  179   6.16595         0    991792     9.340
  180   6.30957      1318    993110     9.558
  181   6.45654         0    993110     9.780
  182   6.60693      1156    994266    10.008
  183   6.76083         0    994266    10.241
  184   6.91831         0    994266    10.480
  185   7.07946       926    995192    10.724
  186   7.24436         0    995192    10.974
  187   7.41310       735    995927    11.229
  188   7.58578         0    995927    11.491
  189   7.76247         0    995927    11.759
  190   7.94328       682    996609    12.032
  191   8.12831         0    996609    12.313
  192   8.31764       515    997124    12.599
  193   8.51138         0    997124    12.893
  194   8.70964       452    997576    13.193
  195   8.91251         0    997576    13.501
  196   9.12011       346    997922    13.815
  197   9.33254         0    997922    14.137
  198   9.54993       289    998211    14.466
  199   9.77237         0    998211    14.803
  200  10.00000       248    998459    15.148
  201  10.23293         0    998459    15.501
  202  10.47128       205    998664    15.862
  203  10.71519         0    998664    16.231
  204  10.96478       196    998860    16.609
  205  11.22018       174    999034    16.996
  206  11.48153         0    999034    17.392
  207  11.74898       140    999174    17.797
  208  12.02265       105    999279    18.212
  209  12.30269         0    999279    18.636
  210  12.58925        74    999353    19.070
  211  12.88250        81    999434    19.514
  212  13.18257        82    999516    19.969
  213  13.48963         0    999516    20.434
  214  13.80384        58    999574    20.910
  215  14.12537        52    999626    21.397
  216  14.45440        48    999674    21.895
  217  14.79108         0    999674    22.405
  218  15.13561        42    999716    22.927
  219  15.48817        36    999752    23.461
  220  15.84893        33    999785    24.008
  221  16.21810        23    999808    24.567
  222  16.59587        22    999830    25.139
  223  16.98244        20    999850    25.725
  224  17.37801        22    999872    26.324
  225  17.78279        16    999888    26.937
  226  18.19701        12    999900    27.565
  227  18.62087        14    999914    28.207
  228  19.05461        14    999928    28.864
  229  19.49844         4    999932    29.536
  230  19.95262         5    999937    30.224
  231  20.41738         5    999942    30.928
  232  20.89296         8    999950    31.649
  233  21.37962         3    999953    32.386
  234  21.87762         7    999960    33.140
  235  22.38721        13    999973    33.912
  236  22.90868         3    999976    34.702
  237  23.44229         2    999978    35.510
  238  23.98833         1    999979    36.337
  239  24.54709         4    999983    37.184
  240  25.11886         0    999983    38.050
  241  25.70396         9    999992    38.936
  242  26.30268         0    999992    39.843
  243  26.91534         3    999995    40.771
  244  27.54229         0    999995    41.721
  245  28.18383         1    999996    42.693
  246  28.84032         0    999996    43.687
  247  29.51209         0    999996    44.705
  248  30.19952         1    999997    45.746
  249  30.90295         0    999997    46.812
  250  31.62278         1    999998    47.902
  251  32.35936         1    999999    49.018
  252  33.11311         1   1000000    50.160
  253  33.88441         0   1000000    51.328
  254  34.67368         0   1000000    52.523
  255  35.48133         0   1000000    53.747
  256  36.30780         0   1000000    54.999
  257  37.15353         0   1000000    56.280
  258  38.01894         0   1000000    57.591
  259  38.90452         0   1000000    58.932
  260  39.81072         0   1000000    60.305
  261  40.73803         0   1000000    61.710
  262  41.68694         0   1000000    63.147
  263  42.65795         0   1000000    64.618
  264  43.65158         0   1000000    66.123
  265  44.66836         0   1000000    67.663
  266  45.70882         0   1000000    69.239
  267  46.77351         0   1000000    70.852
  268  47.86300         0   1000000    72.503
  269  48.97789         0   1000000    74.191
  270  50.11873         0   1000000    75.919
  271  51.28614         0   1000000    77.688
  272  52.48075         0   1000000    79.497
  273  53.70318         0   1000000    81.349
  274  54.95409         0   1000000    83.244
  275  56.23413         0   1000000    85.183
  276  57.54399         0   1000000    87.167
  277  58.88436         0   1000000    89.198
  278  60.25595         0   1000000    91.275
  279  61.65950         0   1000000    93.401
  280  63.09573         0   1000000    95.577
  281  64.56541         0   1000000    97.803
  282  66.06935         0   1000000   100.081
  283  67.60831         0   1000000   102.413
  284  69.18311         0   1000000   104.798
  285  70.79458         0   1000000   107.239
  286  72.44360         0   1000000   109.737
  287  74.13103         0   1000000   112.293
  288  75.85776         0   1000000   114.909
  289  77.62471         0   1000000   117.585
  290  79.43282         0   1000000   120.324
  291  81.28304         0   1000000   123.127
  292  83.17637         0   1000000   125.995
  293  85.11379         0   1000000   128.930
  294  87.09637         0   1000000   131.933
  295  89.12511         0   1000000   135.006
  296  91.20110         0   1000000   138.151
  297  93.32544         0   1000000   141.369
  298  95.49926         0   1000000   144.662
  299  97.72372         0   1000000   148.031
  300 100.00000         0   1000000   151.479
  301 102.32930         0   1000000   155.008
  302 104.71285         0   1000000   158.618
  303 107.15192         0   1000000   162.313
  304 109.64781         0   1000000   166.094
  305 112.20184         0   1000000   169.963
  306 114.81535         0   1000000   173.921
  307 117.48974         0   1000000   177.973
  308 120.22643         0   1000000   182.118
  309 123.02686         0   1000000   186.360
  310 125.89252         0   1000000   190.701
  311 128.82492         0   1000000   195.143
  312 131.82564         0   1000000   199.689
  313 134.89632         0   1000000   204.340
  314 138.03845         0   1000000   209.100
  315 141.25378         0   1000000   213.970
  316 144.54401         0   1000000   218.954
  317 147.91086         0   1000000   224.054
  318 151.35616         0   1000000   229.273
  319 154.88168         0   1000000   234.614
  320 158.48933         0   1000000   240.079
  321 162.18103         0   1000000   245.671
  322 165.95869         0   1000000   251.393
  323 169.82437         0   1000000   257.249
  324 173.78009         0   1000000   263.241
  325 177.82794         0   1000000   269.373
  326 181.97008         0   1000000   275.647
  327 186.20871         0   1000000   282.068
  328 190.54607         0   1000000   288.638
  329 194.98444         0   1000000   295.361
  330 199.52621         0   1000000   302.241
  331 204.17377         0   1000000   309.281
  332 208.92958         0   1000000   316.485
  333 213.79617         0   1000000   323.857
  334 218.77612         0   1000000   331.401
  335 223.87207         0   1000000   339.120
  336 229.08672         0   1000000   347.019
  337 234.42282         0   1000000   355.102
  338 239.88336         0   1000000   363.374
  339 245.47095         0   1000000   371.838
  340 251.18871         0   1000000   380.499
  341 257.03964         0   1000000   389.362
  342 263.02686         0   1000000   398.431
  343 269.15353         0   1000000   407.712
  344 275.42291         0   1000000   417.209
  345 281.83832         0   1000000   426.927
  346 288.40317         0   1000000   436.871
  347 295.12094         0   1000000   447.047
  348 301.99518         0   1000000   457.460
  349 309.02954         0   1000000   468.116
  350 316.22775         0   1000000   479.020
  351 323.59366         0   1000000   490.177
  352 331.13110         0   1000000   501.595
  353 338.84415         0   1000000   513.279
  354 346.73682         0   1000000   525.234
  355 354.81335         0   1000000   537.469
  356 363.07800         0   1000000   549.988
  357 371.53519         0   1000000   562.799
  358 380.18933         0   1000000   575.908
  359 389.04507         0   1000000   589.323
  360 398.10709         0   1000000   603.050
  361 407.38019         0   1000000   617.097
  362 416.86926         0   1000000   631.471
  363 426.57962         0   1000000   646.180
  364 436.51593         0   1000000   661.231
  365 446.68369         0   1000000   676.633
  366 457.08829         0   1000000   692.394
  367 467.73523         0   1000000   708.522
  368 478.63016         0   1000000   725.026
  369 489.77887         0   1000000   741.914
  370 501.18729         0   1000000   759.195
  371 512.86145         0   1000000   776.879
  372 524.80750         0   1000000   794.975
  373 537.03180         0   1000000   813.492
  374 549.54089         0   1000000   832.441
  375 562.34131         0   1000000   851.831
  376 575.43994         0   1000000   871.672
  377 588.84363         0   1000000   891.976
  378 602.55957         0   1000000   912.753
  379 616.59497         0   1000000   934.014
  380 630.95728         0   1000000   955.770
  381 645.65411         0   1000000   978.032
  382 660.69336         0   1000000  1000.814
  383 676.08289         0   1000000  1024.126
  384 691.83081         0   1000000  1047.980
  385 707.94562         0   1000000  1072.391
  386 724.43579         0   1000000  1097.370
  387 741.31006         0   1000000  1122.931
  388 758.57776         0   1000000  1149.088
  389 776.24731         0   1000000  1175.854
  390 794.32843         0   1000000  1203.243
  391 812.83069         0   1000000  1231.270
  392 831.76392         0   1000000  1259.950
  393 851.13818         0   1000000  1289.298
  394 870.96368         0   1000000  1319.330
  395 891.25104         0   1000000  1350.061
  396 912.01093         0   1000000  1381.508
  397 933.25433         0   1000000  1413.687
  398 954.99261         0   1000000  1446.616
  399 977.23724         0   1000000  1480.312
  4001000.00000         0   1000000  1514.793
