   10      206.47313       10.42428     977     0.74361  206   10
   11      206.80754       11.36671     977     0.74468  207   11
   12      207.14195       12.30913     977     0.74614  207   12
   13      207.47636       13.25156     977     0.74869  207   13
   14      207.81077       14.19399     784     0.75140  208   14
   15      208.14518       15.13642     977     0.75395  208   15
   16      208.47959       16.07884     977     0.75671  208   16
   17      208.81400       17.02127     977     0.75894  209   17
   18      209.14841       17.96370     977     0.75930  209   18
   19      209.48282       18.90613    1089     0.75972  209   19
   20      209.81723       19.84855     977     0.76019  210   20
   21      210.15164       20.79098    1089     0.76176  210   21
   22      210.48605       21.73341     977     0.76397  210   22
   23      210.82046       22.67584     977     0.76721  211   23
   24      211.15487       23.61827     977     0.77118  211   24
   25      211.48928       24.56069     784     0.77653  211   25
   26      211.82369       25.50312     977     0.78148  212   26
   27      212.15810       26.44555     977     0.78750  212   26
   28      212.49251       27.38798     977     0.79286  212   27
   29      212.82692       28.33040     977     0.79770  213   28
   30      213.16133       29.27283     977     0.80116  213   29
   31      213.49574       30.21526     977     0.80272  213   30
   32      213.83015       31.15769     977     0.80375  214   31
   33      214.16456       32.10012     977     0.80336  214   32
   34      214.49897       33.04254    1169     0.80408  214   33
   35      214.83338       33.98497     977     0.80592  215   34
   36      215.16779       34.92740     784     0.81010  215   35
   37      215.50220       35.86983     784     0.81784  216   36
   38      215.83661       36.81225     977     0.82829  216   37
   39      216.17102       37.75468     977     0.84044  216   38
   40      216.50543       38.69711     977     0.85299  217   39
   41      216.83984       39.63954     977     0.86584  217   40
   42      217.17425       40.58197     977     0.87618  217   41
   43      217.50866       41.52439     784     0.88434  218   42
   44      217.84307       42.46682     784     0.89126  218   42
   45      218.17748       43.40925     784     0.89797  218   43
   46      218.51189       44.35168    1169     0.90612  219   44
   47      218.84629       45.29410     977     0.91661  219   45
   48      219.18070       46.23653     784     0.93045  219   46
   49      219.51511       47.17896    1169     0.94615  220   47
   50      219.84952       48.12139     977     0.96300  220   48
   51      220.18393       49.06382     977     0.97838  220   49
   52      220.51834       50.00624     977     0.99255  221   50
   53      220.85275       50.94867     977     1.00384  221   51
   54      221.18716       51.89110    1089     1.01177  221   52
   55      221.52157       52.83353     977     1.01428  222   53
   56      221.85598       53.77595    1169     1.01512  222   54
   57      222.19039       54.71838     977     1.01710  222   55
   58      222.52480       55.66081     977     1.02340  223   56
   59      222.85921       56.60324     977     1.03925  223   57
   60      223.19362       57.54566     977     1.06436  223   58
   61      223.52803       58.48809    1089     1.10027  224   58
   62      223.86244       59.43052     977     1.14119  224   59
   63      224.19685       60.37295     977     1.18496  224   60
   64      224.53126       61.31538    1089     1.22744  225   61
   65      224.86567       62.25780    1089     1.27080  225   62
   66      225.20008       63.20023    1089     1.31544  225   63
   67      225.53449       64.14266     784     1.37063  226   64
   68      225.86890       65.08509    1231     1.44151  226   65
   69      226.20331       66.02751     977     1.53470  226   66
   70      226.53772       66.96994     784     1.65264  227   67
   71      226.87213       67.91237    1089     1.78901  227   68
   72      227.20654       68.85480     784     1.93227  227   69
   73      227.54095       69.79723    1325     2.06668  228   70
   74      227.87536       70.73965    1231     2.17726  228   71
   75      228.20977       71.68208    1282     2.25776  228   72
   76      228.54418       72.62451    1169     2.30503  229   73
   77      228.87859       73.56694    1169     2.32843  229   74
   78      229.21300       74.50936    1282     2.33714  229   75
   79      229.54741       75.45179    1231     2.34216  230   75
   80      229.88182       76.39422    1231     2.35118  230   76
   81      230.21623       77.33665    1231     2.36948  230   77
   82      230.55064       78.27908    1282     2.39489  231   78
   83      230.88505       79.22150    1169     2.42769  231   79
   84      231.21946       80.16393    1282     2.46379  231   80
   85      231.55387       81.10636    1169     2.50164  232   81
   86      231.88828       82.04879    1325     2.53932  232   82
   87      232.22269       82.99121    1231     2.57105  232   83
   88      232.55710       83.93364    1282     2.59357  233   84
   89      232.89151       84.87607    1282     2.61339  233   85
   90      233.22592       85.81850    1169     2.62183  233   86
   91      233.56033       86.76092    1362     2.62009  234   87
   92      233.89474       87.70335    1231     2.61198  234   88
   93      234.22915       88.64578    1451     2.59396  234   89
   94      234.56356       89.58821    1555     2.56864  235   90
   95      234.89797       90.53064    1497     2.53392  235   91
   96      235.23238       91.47306    1497     2.48982  235   91
   97      235.56679       92.41549    1089     2.43884  236   92
   98      235.90120       93.35792    1424     2.37917  236   93
   99      236.23561       94.30035    1325     2.31504  236   94
  100      236.57002       95.24277    1089     2.24964  237   95
  101      236.90443       96.18520    1089     2.18702  237   96
  102      237.23884       97.12763    1089     2.12449  237   97
  103      237.57325       98.07006     977     2.06374  238   98
  104      237.90766       99.01249    1089     2.00557  238   99
  105      238.24207       99.95491     977     1.94762  238  100
  106      238.57648      100.89734     977     1.89469  239  101
  107      238.91089      101.83977    1089     1.84440  239  102
  108      239.24530      102.78220     977     1.79791  239  103
  109      239.57971      103.72462    1089     1.75377  240  104
  110      239.91412      104.66705     977     1.71225  240  105
  111      240.24853      105.60948    1089     1.67487  240  106
  112      240.58293      106.55191     784     1.64066  241  107
  113      240.91734      107.49434     784     1.61184  241  107
  114      241.25175      108.43676    1089     1.58740  241  108
  115      241.58616      109.37919     977     1.57077  242  109
  116      241.92057      110.32162     977     1.55867  242  110
  117      242.25498      111.26405    1169     1.55162  242  111
  118      242.58939      112.20647     977     1.54650  243  112
  119      242.92380      113.14890     784     1.54652  243  113
  120      243.25821      114.09133     977     1.54955  243  114
  121      243.59262      115.03376    1169     1.55455  244  115
  122      243.92703      115.97618    1089     1.56333  244  116
  123      244.26144      116.91861     977     1.57838  244  117
  124      244.59585      117.86104     977     1.59820  245  118
  125      244.93026      118.80347    1089     1.62328  245  119
  126      245.26467      119.74590     977     1.65348  245  120
  127      245.59908      120.68832    1089     1.68807  246  121
  128      245.93349      121.63075     977     1.72947  246  122
  129      246.26790      122.57318    1089     1.77159  246  123
  130      246.60231      123.51561    1169     1.82312  247  124
  131      246.93672      124.45803    1169     1.87762  247  124
  132      247.27113      125.40046    1089     1.94008  247  125
  133      247.60554      126.34289     784     2.01188  248  126
  134      247.93995      127.28532    1089     2.09647  248  127
  135      248.27436      128.22775    1089     2.19238  248  128
  136      248.60877      129.17017    1089     2.30650  249  129
  137      248.94318      130.11260    1089     2.44098  249  130
  138      249.27759      131.05503     977     2.59491  249  131
  139      249.61200      131.99746    1089     2.77465  250  132
  140      249.94641      132.93988    1231     2.99078  250  133
  141      250.28082      133.88231     977     3.24842  250  134
  142      250.61523      134.82474    1089     3.53650  251  135
  143      250.94964      135.76717    1231     3.86292  251  136
  144      251.28405      136.70960    1667     4.20807  251  137
  145      251.61846      137.65202    1602     4.55379  252  138
  146      251.95287      138.59445    1679     4.86586  252  139
  147      252.28728      139.53688    1617     5.09868  252  140
  148      252.62169      140.47931    1710     5.20804  253  140
  149      252.95610      141.42173    1667     5.16438  253  141
  150      253.29051      142.36416    1795     4.95625  253  142
  151      253.62492      143.30659    1630     4.60711  254  143
  152      253.95933      144.24902    1231     4.15858  254  144
  153      254.29374      145.19145     977     3.66513  254  145
  154      254.62815      146.13387    1231     3.17957  255  146
  155      254.96256      147.07630    1169     2.74315  255  147
  156      255.29697      148.01873    1089     2.37484  255  148
  157      255.63138      148.96116    1089     2.07817  256  149
  158      255.96579      149.90358    1089     1.85024  256  150
  159      256.30020      150.84601    1089     1.68197  256  151
  160      256.63461      151.78844    1169     1.55904  257  152
  161      256.96902      152.73087    1089     1.46655  257  153
  162      257.30343      153.67329    1089     1.39576  257  154
  163      257.63784      154.61572    1169     1.33941  258  155
  164      257.97225      155.55815     977     1.29367  258  156
  165      258.30666      156.50058     977     1.25657  258  157
  166      258.64107      157.44301    1089     1.22240  259  157
  167      258.97548      158.38543     784     1.19365  259  158
  168      259.30989      159.32786    1089     1.16739  259  159
  169      259.64430      160.27029    1169     1.14326  260  160
  170      259.97871      161.21272    1089     1.12187  260  161
  171      260.31312      162.15514    1089     1.10310  260  162
  172      260.64753      163.09757    1089     1.08574  261  163
  173      260.98194      164.04000     977     1.07062  261  164
  174      261.31635      164.98243     977     1.05594  261  165
  175      261.65076      165.92486     977     1.04332  262  166
  176      261.98517      166.86728     977     1.03251  262  167
  177      262.31957      167.80971     977     1.02313  262  168
  178      262.65398      168.75214     784     1.01479  263  169
  179      262.98839      169.69457    1089     1.00730  263  170
  180      263.32280      170.63699     977     0.99873  263  171
  181      263.65721      171.57942     977     0.98916  264  172
  182      263.99162      172.52185    1089     0.97888  264  173
  183      264.32603      173.46428    1089     0.96904  264  173
  184      264.66044      174.40671     977     0.95924  265  174
  185      264.99485      175.34913     977     0.95078  265  175
  186      265.32926      176.29156    1089     0.94258  265  176
  187      265.66367      177.23399     977     0.93468  266  177
  188      265.99808      178.17642    1089     0.92760  266  178
  189      266.33249      179.11884     977     0.92036  266  179
  190      266.66690      180.06127     784     0.91241  267  180
  191      267.00131      181.00370     977     0.90536  267  181
  192      267.33572      181.94613    1089     0.89852  267  182
  193      267.67013      182.88855     784     0.89235  268  183
  194      268.00454      183.83098     977     0.88769  268  184
  195      268.33895      184.77341    1089     0.88444  268  185
  196      268.67336      185.71584     784     0.88241  269  186
  197      269.00777      186.65827     977     0.88152  269  187
  198      269.34218      187.60069     977     0.88105  269  188
  199      269.67659      188.54312     977     0.87981  270  189
  200      270.01100      189.48555     977     0.87705  270  189
  201      270.34541      190.42798     977     0.87185  270  190
  202      270.67982      191.37040     977     0.86482  271  191
  203      271.01423      192.31283     784     0.85681  271  192
  204      271.34864      193.25526     977     0.84820  271  193
  205      271.68305      194.19769     977     0.83941  272  194
  206      272.01746      195.14012     977     0.83094  272  195
  207      272.35187      196.08254     977     0.82399  272  196
  208      272.68628      197.02497     977     0.81732  273  197
  209      273.02069      197.96740    1089     0.81219  273  198
  210      273.35510      198.90983    1089     0.80795  273  199
  211      273.68951      199.85225     977     0.80417  274  200
  212      274.02392      200.79468     784     0.80197  274  201
  213      274.35833      201.73711     977     0.80100  274  202
  214      274.69274      202.67954     784     0.80065  275  203
  215      275.02715      203.62197     977     0.80215  275  204
  216      275.36156      204.56439     977     0.80543  275  205
  217      275.69597      205.50682     977     0.81056  276  206
  218      276.03038      206.44925     977     0.81589  276  206
  219      276.36479      207.39168    1089     0.82000  276  207
  220      276.69920      208.33410    1089     0.82241  277  208
  221      277.03361      209.27653     977     0.82292  277  209
  222      277.36802      210.21896     977     0.82114  277  210
  223      277.70243      211.16139    1089     0.81763  278  211
  224      278.03684      212.10381     977     0.81364  278  212
  225      278.37125      213.04624    1089     0.80835  278  213
  226      278.70566      213.98867    1089     0.80175  279  214
  227      279.04007      214.93110     784     0.79476  279  215
  228      279.37448      215.87353    1089     0.78707  279  216
  229      279.70889      216.81595     977     0.77878  280  217
  230      280.04330      217.75838    1089     0.77078  280  218
  231      280.37771      218.70081     784     0.76437  280  219
  232      280.71212      219.64324     784     0.75858  281  220
  233      281.04653      220.58566     977     0.75499  281  221
  234      281.38094      221.52809     977     0.75195  281  222
  235      281.71535      222.47052     784     0.75057  282  222
  236      282.04976      223.41295    1089     0.74923  282  223
  237      282.38417      224.35538     977     0.74831  282  224
  238      282.71858      225.29780     977     0.74710  283  225
  239      283.05299      226.24023     784     0.74611  283  226
  240      283.38740      227.18266     977     0.74471  283  227
  241      283.72180      228.12509     977     0.74321  284  228
  242      284.05621      229.06751    1089     0.74126  284  229
  243      284.39062      230.00994     784     0.73978  284  230
  244      284.72503      230.95237     977     0.73917  285  231
  245      285.05944      231.89480     784     0.73811  285  232
  246      285.39385      232.83723     784     0.73791  285  233
  247      285.72826      233.77965     977     0.73859  286  234
  248      286.06267      234.72208     977     0.73894  286  235
  249      286.39708      235.66451     784     0.73852  286  236
  250      286.73149      236.60694     784     0.73748  287  237
  251      287.06590      237.54936    1089     0.73650  287  238
  252      287.40031      238.49179    1089     0.73577  287  238
  253      287.73472      239.43422    1089     0.73461  288  239
  254      288.06913      240.37665     784     0.73418  288  240
  255      288.40354      241.31908     784     0.73464  288  241
  256      288.73795      242.26150     784     0.73603  289  242
  257      289.07236      243.20393     977     0.73898  289  243
  258      289.40677      244.14636     784     0.74182  289  244
  259      289.74118      245.08879     784     0.74511  290  245
  260      290.07559      246.03121    1089     0.74761  290  246
  261      290.41000      246.97364     784     0.74811  290  247
  262      290.74441      247.91607     784     0.74594  291  248
  263      291.07882      248.85850     977     0.74304  291  249
  264      291.41323      249.80092     977     0.73910  291  250
  265      291.74764      250.74335     977     0.73547  292  251
  266      292.08205      251.68578     784     0.73402  292  252
  267      292.41646      252.62821    1089     0.73345  292  253
  268      292.75087      253.57064     977     0.73410  293  254
  269      293.08528      254.51306     784     0.73399  293  255
  270      293.41969      255.45549     784     0.73429  293  255
  271      293.75410      256.39792     784     0.73297  294  256
  272      294.08851      257.34035    1231     0.73049  294  257
  273      294.42292      258.28277     977     0.72615  294  258
  274      294.75733      259.22520     784     0.72110  295  259
  275      295.09174      260.16763     977     0.71669  295  260
  276      295.42615      261.11006     977     0.71421  295  261
  277      295.76056      262.05249     784     0.71406  296  262
  278      296.09497      262.99491     977     0.71557  296  263
  279      296.42938      263.93734     977     0.71764  296  264
  280      296.76379      264.87977     784     0.72047  297  265
  281      297.09820      265.82220     977     0.72284  297  266
  282      297.43261      266.76462     784     0.72443  297  267
  283      297.76702      267.70705     977     0.72549  298  268
  284      298.10143      268.64948     977     0.72499  298  269
  285      298.43584      269.59191     784     0.72326  298  270
  286      298.77025      270.53434     977     0.72076  299  271
  287      299.10466      271.47676     977     0.71828  299  271
  288      299.43907      272.41919     977     0.71495  299  272
  289      299.77348      273.36162     977     0.71311  300  273
  290      300.10789      274.30405     784     0.71310  300  274
  291      300.44230      275.24647     784     0.71514  300  275
  292      300.77671      276.18890     977     0.71760  301  276
  293      301.11112      277.13133     784     0.71983  301  277
  294      301.44553      278.07376     977     0.72184  301  278
  295      301.77994      279.01618     977     0.72233  302  279
  296      302.11435      279.95861     977     0.72222  302  280
  297      302.44876      280.90104     784     0.72169  302  281
  298      302.78317      281.84347     977     0.72156  303  282
  299      303.11758      282.78590     784     0.72128  303  283
  300      303.45199      283.72832     977     0.72096  303  284
  301      303.78640      284.67075     977     0.72059  304  285
  302      304.12081      285.61318     977     0.72017  304  286
  303      304.45522      286.55561     784     0.71942  304  287
  304      304.78963      287.49803     784     0.71893  305  287
  305      305.12404      288.44046     977     0.71910  305  288
  306      305.45844      289.38289     977     0.72025  305  289
  307      305.79285      290.32532     977     0.72041  306  290
  308      306.12726      291.26775     784     0.72086  306  291
  309      306.46167      292.21017     977     0.71990  306  292
  310      306.79608      293.15260     784     0.71777  307  293
  311      307.13049      294.09503     977     0.71475  307  294
  312      307.46490      295.03746     977     0.71358  307  295
  313      307.79931      295.97988     977     0.71359  308  296
  314      308.13372      296.92231     977     0.71582  308  297
  315      308.46813      297.86474     784     0.72024  308  298
  316      308.80254      298.80717     977     0.72443  309  299
  317      309.13695      299.74960     977     0.72880  309  300
  318      309.47136      300.69202     784     0.73239  309  301
  319      309.80577      301.63445     977     0.73618  310  302
  320      310.14018      302.57688    1089     0.73886  310  303
  321      310.47459      303.51931     784     0.74168  310  304
  322      310.80900      304.46173     784     0.74416  311  304
  323      311.14341      305.40416    1089     0.74552  311  305
  324      311.47782      306.34659     977     0.74550  311  306
  325      311.81223      307.28902     784     0.74387  312  307
  326      312.14664      308.23145     977     0.74082  312  308
  327      312.48105      309.17387     977     0.73727  312  309
  328      312.81546      310.11630     784     0.73301  313  310
  329      313.14987      311.05873     977     0.73049  313  311
  330      313.48428      312.00116     977     0.72980  313  312
  331      313.81869      312.94358     977     0.73153  314  313
  332      314.15310      313.88601     784     0.73552  314  314
  333      314.48751      314.82844     977     0.74096  314  315
  334      314.82192      315.77087     977     0.74747  315  316
  335      315.15633      316.71329     977     0.75405  315  317
  336      315.49074      317.65572     784     0.76033  315  318
  337      315.82515      318.59815     977     0.76556  316  319
  338      316.15956      319.54058     977     0.76877  316  320
  339      316.49397      320.48301     977     0.77026  316  320
  340      316.82838      321.42543     977     0.76964  317  321
  341      317.16279      322.36786     977     0.76697  317  322
  342      317.49720      323.31029     784     0.76378  317  323
  343      317.83161      324.25272     784     0.76074  318  324
  344      318.16602      325.19514     784     0.75953  318  325
  345      318.50043      326.13757     784     0.76079  319  326
  346      318.83484      327.08000     977     0.76372  319  327
  347      319.16925      328.02243     977     0.76705  319  328
  348      319.50366      328.96486     977     0.77087  320  329
  349      319.83807      329.90728     977     0.77331  320  330
  350      320.17248      330.84971     977     0.77533  320  331
  351      320.50689      331.79214     784     0.77686  321  332
  352      320.84130      332.73457     977     0.77762  321  333
  353      321.17571      333.67699    1089     0.77821  321  334
  354      321.51012      334.61942     784     0.77869  322  335
  355      321.84453      335.56185     977     0.77902  322  336
  356      322.17894      336.50428    1089     0.78072  322  337
  357      322.51335      337.44671     977     0.78280  323  337
  358      322.84776      338.38913     977     0.78576  323  338
  359      323.18217      339.33156    1089     0.78837  323  339
  360      323.51658      340.27399     977     0.79063  324  340
  361      323.85099      341.21642     977     0.79229  324  341
  362      324.18540      342.15884     977     0.79211  324  342
  363      324.51981      343.10127     784     0.79171  325  343
  364      324.85422      344.04370     977     0.79142  325  344
  365      325.18863      344.98613     977     0.79022  325  345
  366      325.52304      345.92855     977     0.78946  326  346
  367      325.85745      346.87098     977     0.78893  326  347
  368      326.19186      347.81341     977     0.79092  326  348
  369      326.52627      348.75584     977     0.79283  327  349
  370      326.86067      349.69827     784     0.79617  327  350
  371      327.19508      350.64069     977     0.79969  327  351
  372      327.52949      351.58312     977     0.80320  328  352
  373      327.86390      352.52555     977     0.80702  328  353
  374      328.19831      353.46798     977     0.81008  328  353
  375      328.53272      354.41040     977     0.81253  329  354
  376      328.86713      355.35283     977     0.81442  329  355
  377      329.20154      356.29526     977     0.81505  329  356
  378      329.53595      357.23769     977     0.81340  330  357
  379      329.87036      358.18012    1089     0.81007  330  358
  380      330.20477      359.12254    1089     0.80579  330  359
  381      330.53918      360.06497     977     0.80054  331  360
  382      330.87359      361.00740     977     0.79605  331  361
  383      331.20800      361.94983     977     0.79391  331  362
  384      331.54241      362.89225     977     0.79470  332  363
  385      331.87682      363.83468     977     0.79704  332  364
  386      332.21123      364.77711     784     0.80027  332  365
  387      332.54564      365.71954     977     0.80243  333  366
  388      332.88005      366.66197     977     0.80400  333  367
  389      333.21446      367.60439     977     0.80352  333  368
  390      333.54887      368.54682     977     0.80189  334  369
  391      333.88328      369.48925     977     0.80033  334  369
  392      334.21769      370.43168     977     0.79867  334  370
  393      334.55210      371.37410     977     0.79728  335  371
  394      334.88651      372.31653     784     0.79630  335  372
  395      335.22092      373.25896    1089     0.79524  335  373
  396      335.55533      374.20139     784     0.79431  336  374
  397      335.88974      375.14381     977     0.79299  336  375
  398      336.22415      376.08624     977     0.79143  336  376
  399      336.55856      377.02867     977     0.79001  337  377
  400      336.89297      377.97110     977     0.78917  337  378
  401      337.22738      378.91353     784     0.78947  337  379
  402      337.56179      379.85595     784     0.79030  338  380
  403      337.89620      380.79838    1089     0.79142  338  381
  404      338.23061      381.74081    1089     0.79083  338  382
  405      338.56502      382.68324    1089     0.78789  339  383
  406      338.89943      383.62566     784     0.78161  339  384
  407      339.23384      384.56809     977     0.77483  339  385
  408      339.56825      385.51052     977     0.76866  340  386
  409      339.90266      386.45295     977     0.76387  340  386
  410      340.23707      387.39538     977     0.76176  340  387
  411      340.57148      388.33780     784     0.76221  341  388
  412      340.90589      389.28023     977     0.76448  341  389
  413      341.24030      390.22266     977     0.76865  341  390
  414      341.57471      391.16509     977     0.77300  342  391
  415      341.90912      392.10751     784     0.77659  342  392
  416      342.24353      393.04994     977     0.77843  342  393
  417      342.57794      393.99237     977     0.77819  343  394
  418      342.91235      394.93480     977     0.77450  343  395
  419      343.24676      395.87723     784     0.76920  343  396
  420      343.58117      396.81965     977     0.76347  344  397
  421      343.91558      397.76208     977     0.75745  344  398
  422      344.24999      398.70451     977     0.75268  344  399
  423      344.58440      399.64694     977     0.74925  345  400
  424      344.91881      400.58936     784     0.74672  345  401
  425      345.25322      401.53179     977     0.74519  345  402
  426      345.58763      402.47422     784     0.74582  346  402
  427      345.92204      403.41665     977     0.74746  346  403
  428      346.25645      404.35908     784     0.74930  346  404
  429      346.59086      405.30150    1089     0.75235  347  405
  430      346.92527      406.24393     977     0.75428  347  406
  431      347.25968      407.18636     784     0.75582  347  407
  432      347.59409      408.12879    1089     0.75698  348  408
  433      347.92850      409.07121     784     0.75760  348  409
  434      348.26291      410.01364     977     0.75871  348  410
  435      348.59731      410.95607    1089     0.75853  349  411
  436      348.93172      411.89850     977     0.75695  349  412
  437      349.26613      412.84092     977     0.75516  349  413
  438      349.60054      413.78335     784     0.75286  350  414
  439      349.93495      414.72578     977     0.75056  350  415
  440      350.26936      415.66821     977     0.74984  350  416
  441      350.60377      416.61064     977     0.74964  351  417
  442      350.93818      417.55306     977     0.75087  351  418
  443      351.27259      418.49549     977     0.75325  351  418
  444      351.60700      419.43792     784     0.75597  352  419
  445      351.94141      420.38035     977     0.75984  352  420
  446      352.27582      421.32277    1089     0.76373  352  421
  447      352.61023      422.26520     784     0.76645  353  422
  448      352.94464      423.20763     977     0.76632  353  423
  449      353.27905      424.15006     977     0.76352  353  424
  450      353.61346      425.09249     977     0.75889  354  425
  451      353.94787      426.03491     977     0.75341  354  426
  452      354.28228      426.97734     977     0.74920  354  427
  453      354.61669      427.91977     977     0.74603  355  428
  454      354.95110      428.86220     784     0.74492  355  429
  455      355.28551      429.80462     977     0.74544  355  430
  456      355.61992      430.74705     977     0.74672  356  431
  457      355.95433      431.68948     784     0.74856  356  432
  458      356.28874      432.63191     977     0.75192  356  433
  459      356.62315      433.57434     977     0.75564  357  434
  460      356.95756      434.51676     977     0.76140  357  435
  461      357.29197      435.45919     977     0.76828  357  435
  462      357.62638      436.40162     977     0.77600  358  436
  463      357.96079      437.34405     784     0.78413  358  437
  464      358.29520      438.28647    1169     0.79225  358  438
  465      358.62961      439.22890    1089     0.79994  359  439
  466      358.96402      440.17133     977     0.80611  359  440
  467      359.29843      441.11376     977     0.81158  359  441
  468      359.63284      442.05618    1089     0.81519  360  442
  469      359.96725      442.99861     784     0.81838  360  443
  470      360.30166      443.94104     977     0.82158  360  444
  471      360.63607      444.88347     977     0.82325  361  445
  472      360.97048      445.82590     784     0.82409  361  446
  473      361.30489      446.76832    1089     0.82342  361  447
  474      361.63930      447.71075     977     0.82226  362  448
  475      361.97371      448.65318     977     0.82037  362  449
  476      362.30812      449.59561     977     0.81931  362  450
  477      362.64253      450.53803     977     0.81872  363  451
  478      362.97694      451.48046     977     0.82118  363  451
  479      363.31135      452.42289    1089     0.82628  363  452
  480      363.64576      453.36532     977     0.83429  364  453
  481      363.98017      454.30775     977     0.84417  364  454
  482      364.31458      455.25017    1169     0.85337  364  455
  483      364.64899      456.19260     977     0.86139  365  456
  484      364.98340      457.13503     977     0.86678  365  457
  485      365.31781      458.07746     784     0.87060  365  458
  486      365.65222      459.01988     977     0.87408  366  459
  487      365.98663      459.96231     784     0.87915  366  460
  488      366.32104      460.90474     977     0.88496  366  461
  489      366.65545      461.84717    1089     0.89197  367  462
  490      366.98986      462.78960     977     0.89982  367  463
  491      367.32427      463.73202     977     0.90747  367  464
  492      367.65868      464.67445    1169     0.91539  368  465
  493      367.99309      465.61688     977     0.92418  368  466
  494      368.32750      466.55931     977     0.93265  368  467
  495      368.66191      467.50173    1169     0.94154  369  468
  496      368.99632      468.44416    1169     0.95124  369  468
  497      369.33073      469.38659     784     0.96207  369  469
  498      369.66514      470.32902     784     0.97516  370  470
  499      369.99954      471.27144     977     0.99036  370  471
  500      370.33395      472.21387    1089     1.00829  370  472
  501      370.66836      473.15630     977     1.02797  371  473
  502      371.00277      474.09873    1089     1.04819  371  474
  503      371.33718      475.04116     977     1.07044  371  475
  504      371.67159      475.98358     977     1.09318  372  476
  505      372.00600      476.92601     977     1.11740  372  477
  506      372.34041      477.86844    1089     1.14411  372  478
  507      372.67482      478.81087    1169     1.17087  373  479
  508      373.00923      479.75329    1089     1.19705  373  480
  509      373.34364      480.69572    1089     1.22156  373  481
  510      373.67805      481.63815     977     1.24230  374  482
  511      374.01246      482.58058     977     1.25852  374  483
  512      374.34687      483.52301    1169     1.26850  374  484
  513      374.68128      484.46543    1089     1.27473  375  484
  514      375.01569      485.40786     977     1.27711  375  485
  515      375.35010      486.35029     977     1.27721  375  486
  516      375.68451      487.29272    1089     1.27532  376  487
  517      376.01892      488.23514    1169     1.26990  376  488
  518      376.35333      489.17757    1169     1.26150  376  489
  519      376.68774      490.12000    1169     1.24784  377  490
  520      377.02215      491.06243    1169     1.22875  377  491
  521      377.35656      492.00486     784     1.20552  377  492
  522      377.69097      492.94728    1089     1.17897  378  493
  523      378.02538      493.88971     977     1.15214  378  494
  524      378.35979      494.83214     977     1.12568  378  495
  525      378.69420      495.77457     977     1.10221  379  496
  526      379.02861      496.71699    1089     1.08148  379  497
  527      379.36302      497.65942     977     1.06504  379  498
  528      379.69743      498.60185    1089     1.05122  380  499
  529      380.03184      499.54428    1089     1.03812  380  500
  530      380.36625      500.48671    1089     1.02667  380  500
  531      380.70066      501.42913     784     1.01391  381  501
  532      381.03507      502.37156     977     1.00120  381  502
  533      381.36948      503.31399    1089     0.98773  381  503
  534      381.70389      504.25642     977     0.97448  382  504
  535      382.03830      505.19884     784     0.96279  382  505
  536      382.37271      506.14127    1089     0.95306  382  506
  537      382.70712      507.08370     977     0.94571  383  507
  538      383.04153      508.02613     784     0.93966  383  508
  539      383.37594      508.96855     977     0.93482  383  509
  540      383.71035      509.91098    1089     0.93119  384  510
  541      384.04476      510.85341     784     0.92919  384  511
  542      384.37917      511.79584     977     0.92954  384  512
  543      384.71358      512.73827    1089     0.93074  385  513
  544      385.04799      513.68069     784     0.93384  385  514
  545      385.38240      514.62312     977     0.93606  385  515
  546      385.71681      515.56555     977     0.93833  386  516
  547      386.05122      516.50798    1089     0.94094  386  517
  548      386.38563      517.45040    1089     0.94602  386  517
  549      386.72004      518.39283     977     0.95368  387  518
  550      387.05445      519.33526     977     0.96550  387  519
  551      387.38886      520.27769     977     0.98127  387  520
  552      387.72327      521.22012     977     0.99915  388  521
  553      388.05768      522.16254    1169     1.01701  388  522
  554      388.39209      523.10497     784     1.03323  388  523
  555      388.72650      524.04740     977     1.04761  389  524
  556      389.06091      524.98983     784     1.06075  389  525
  557      389.39532      525.93225     977     1.07560  389  526
  558      389.72973      526.87468     977     1.09464  390  527
  559      390.06414      527.81711    1089     1.11798  390  528
  560      390.39855      528.75954     977     1.15048  390  529
  561      390.73296      529.70197    1169     1.19118  391  530
  562      391.06737      530.64439     977     1.24407  391  531
  563      391.40178      531.58682     977     1.31231  391  532
  564      391.73618      532.52925    1169     1.40261  392  533
  565      392.07059      533.47168    1169     1.52612  392  533
  566      392.40500      534.41410    1169     1.68887  392  534
  567      392.73941      535.35653     977     1.89756  393  535
  568      393.07382      536.29896     977     2.15211  393  536
  569      393.40823      537.24139    1169     2.43947  393  537
  570      393.74264      538.18381    1169     2.73704  394  538
  571      394.07705      539.12624    1169     3.01493  394  539
  572      394.41146      540.06867    1602     3.23655  394  540
  573      394.74587      541.01110    1572     3.38144  395  541
  574      395.08028      541.95353    1475     3.43780  395  542
  575      395.41469      542.89595    1602     3.41408  395  543
  576      395.74910      543.83838    1518     3.33461  396  544
  577      396.08351      544.78081    1475     3.22518  396  545
  578      396.41792      545.72324    1231     3.10668  396  546
  579      396.75233      546.66566    1518     2.99768  397  547
  580      397.08674      547.60809    1282     2.90911  397  548
  581      397.42115      548.55052    1089     2.84108  397  549
  582      397.75556      549.49295    1518     2.79635  398  549
  583      398.08997      550.43538    1424     2.78200  398  550
  584      398.42438      551.37780     977     2.79139  398  551
  585      398.75879      552.32023    1451     2.82070  399  552
  586      399.09320      553.26266    1362     2.86863  399  553
  587      399.42761      554.20509    1169     2.93205  399  554
  588      399.76202      555.14751    1587     3.01258  400  555
  589      400.09643      556.08994    1451     3.11545  400  556
  590      400.43084      557.03237    1395     3.24732  400  557
  591      400.76525      557.97480    1602     3.43174  401  558
  592      401.09966      558.91723    1617     3.67822  401  559
  593      401.43407      559.85965    1555     3.99382  401  560
  594      401.76848      560.80208    1518     4.39576  402  561
  595      402.10289      561.74451    1602     4.87282  402  562
  596      402.43730      562.68694    1572     5.38378  402  563
  597      402.77171      563.62936    1572     5.85258  403  564
  598      403.10612      564.57179    1667     6.18197  403  565
  599      403.44053      565.51422    1871     6.26373  403  566
  600      403.77494      566.45665    1809     6.05154  404  566
  601      404.10935      567.39908    1169     5.55911  404  567
  602      404.44376      568.34150    1089     4.87085  404  568
  603      404.77817      569.28393    1169     4.11359  405  569
  604      405.11258      570.22636    1169     3.39816  405  570
  605      405.44699      571.16879    1089     2.79783  405  571
  606      405.78140      572.11121    1089     2.33923  406  572
  607      406.11581      573.05364    1169     2.01137  406  573
  608      406.45022      573.99607    1089     1.78047  406  574
  609      406.78463      574.93850    1089     1.62681  407  575
  610      407.11904      575.88092    1089     1.52677  407  576
  611      407.45345      576.82335    1089     1.45320  407  577
  612      407.78786      577.76578    1231     1.39483  408  578
  613      408.12227      578.70821    1089     1.34553  408  579
  614      408.45668      579.65064    1089     1.30662  408  580
  615      408.79109      580.59306    1169     1.27260  409  581
  616      409.12550      581.53549    1169     1.24441  409  582
  617      409.45991      582.47792    1169     1.22006  409  582
  618      409.79432      583.42035     977     1.19997  410  583
  619      410.12873      584.36277     977     1.18246  410  584
  620      410.46314      585.30520    1169     1.16753  410  585
  621      410.79755      586.24763    1169     1.15440  411  586
  622      411.13196      587.19006    1089     1.14119  411  587
  623      411.46637      588.13249     784     1.12931  411  588
  624      411.80078      589.07491     977     1.11744  412  589
  625      412.13519      590.01734     977     1.10583  412  590
  626      412.46960      590.95977    1089     1.09549  412  591
  627      412.80401      591.90220    1089     1.08743  413  592
  628      413.13842      592.84462     784     1.08142  413  593
  629      413.47282      593.78705     977     1.07788  413  594
  630      413.80723      594.72948     977     1.07403  414  595
  631      414.14164      595.67191    1169     1.06909  414  596
  632      414.47605      596.61434    1089     1.06444  414  597
  633      414.81046      597.55676     784     1.05875  415  598
  634      415.14487      598.49919     784     1.05418  415  598
  635      415.47928      599.44162     977     1.05131  415  599
  636      415.81369      600.38405    1089     1.04891  416  600
  637      416.14810      601.32647    1089     1.04429  416  601
  638      416.48251      602.26890    1089     1.03579  416  602
  639      416.81692      603.21133    1169     1.02250  417  603
  640      417.15133      604.15376     977     1.00592  417  604
  641      417.48574      605.09618     977     0.99116  417  605
  642      417.82015      606.03861     784     0.97999  418  606
  643      418.15456      606.98104     977     0.97345  418  607
  644      418.48897      607.92347     977     0.97123  418  608
  645      418.82338      608.86590     977     0.97258  419  609
  646      419.15779      609.80832     977     0.97543  419  610
  647      419.49220      610.75075    1089     0.97739  419  611
  648      419.82661      611.69318     977     0.97879  420  612
  649      420.16102      612.63561     977     0.97842  420  613
  650      420.49543      613.57803    1089     0.97571  420  614
  651      420.82984      614.52046     977     0.97149  421  615
  652      421.16425      615.46289     977     0.96574  421  615
  653      421.49866      616.40532     977     0.95952  421  616
  654      421.83307      617.34775    1089     0.95274  422  617
  655      422.16748      618.29017    1089     0.94638  422  618
  656      422.50189      619.23260     977     0.94047  423  619
  657      422.83630      620.17503    1089     0.93625  423  620
  658      423.17071      621.11746     784     0.93493  423  621
  659      423.50512      622.05988    1169     0.93622  424  622
  660      423.83953      623.00231     784     0.93999  424  623
  661      424.17394      623.94474     784     0.94481  424  624
  662      424.50835      624.88717     977     0.94951  425  625
  663      424.84276      625.82960     784     0.95282  425  626
  664      425.17717      626.77202     977     0.95408  425  627
  665      425.51158      627.71445     977     0.95292  426  628
  666      425.84599      628.65688     784     0.94948  426  629
  667      426.18040      629.59931     977     0.94504  426  630
  668      426.51481      630.54173     977     0.93954  427  631
  669      426.84922      631.48416     977     0.93497  427  631
  670      427.18363      632.42659     977     0.93130  427  632
  671      427.51804      633.36902     977     0.93009  428  633
  672      427.85245      634.31144     784     0.93020  428  634
  673      428.18686      635.25387     977     0.93248  428  635
  674      428.52127      636.19630    1089     0.93662  429  636
  675      428.85568      637.13873     977     0.94032  429  637
  676      429.19009      638.08116     784     0.94331  429  638
  677      429.52450      639.02358    1169     0.94666  430  639
  678      429.85891      639.96601     784     0.95045  430  640
  679      430.19332      640.90844     977     0.95368  430  641
  680      430.52773      641.85087     977     0.95876  431  642
  681      430.86214      642.79329     977     0.96554  431  643
  682      431.19655      643.73572     977     0.97372  431  644
  683      431.53096      644.67815     784     0.98369  432  645
  684      431.86537      645.62058     977     0.99242  432  646
  685      432.19978      646.56301    1169     1.00004  432  647
  686      432.53419      647.50543    1089     1.00591  433  648
  687      432.86860      648.44786    1089     1.01084  433  648
  688      433.20301      649.39029     784     1.01611  433  649
  689      433.53742      650.33272    1169     1.02384  434  650
  690      433.87183      651.27514     784     1.03306  434  651
  691      434.20624      652.21757     977     1.04464  434  652
  692      434.54065      653.16000    1089     1.05986  435  653
  693      434.87505      654.10243     977     1.07791  435  654
  694      435.20946      655.04486     784     1.09955  435  655
  695      435.54387      655.98728    1169     1.13992  436  656
  696      435.87828      656.92971    1169     1.21116  436  657
  697      436.21269      657.87214    1231     1.32649  436  658
  698      436.54710      658.81457     977     1.50271  437  659
  699      436.88151      659.75699     977     1.76553  437  660
  700      437.21592      660.69942    1231     2.10460  437  661
  701      437.55033      661.64185     977     2.49557  438  662
  702      437.88474      662.58428     977     2.87433  438  663
  703      438.21915      663.52671    1587     3.16192  438  664
  704      438.55356      664.46913    1630     3.28768  439  664
  705      438.88797      665.41156    1537     3.22239  439  665
  706      439.22238      666.35399    1169     2.98557  439  666
  707      439.55679      667.29642    1169     2.63856  440  667
  708      439.89120      668.23884    1169     2.25877  440  668
  709      440.22561      669.18127     977     1.91133  440  669
  710      440.56002      670.12370    1089     1.63443  441  670
  711      440.89443      671.06613     977     1.43531  441  671
  712      441.22884      672.00855    1089     1.30458  441  672
  713      441.56325      672.95098    1169     1.22818  442  673
  714      441.89766      673.89341    1169     1.18804  442  674
  715      442.23207      674.83584     977     1.16626  442  675
  716      442.56648      675.77827    1089     1.15526  443  676
  717      442.90089      676.72069    1089     1.14574  443  677
  718      443.23530      677.66312     977     1.13783  443  678
  719      443.56971      678.60555     977     1.12952  444  679
  720      443.90412      679.54798     977     1.12246  444  680
  721      444.23853      680.49040     977     1.11570  444  680
  722      444.57294      681.43283     977     1.10924  445  681
  723      444.90735      682.37526    1169     1.10388  445  682
  724      445.24176      683.31769    1169     1.09821  445  683
  725      445.57617      684.26012    1089     1.09213  446  684
  726      445.91058      685.20254     977     1.08641  446  685
  727      446.24499      686.14497     784     1.08102  446  686
  728      446.57940      687.08740     977     1.07739  447  687
  729      446.91381      688.02983     977     1.07273  447  688
  730      447.24822      688.97225    1089     1.06955  447  689
  731      447.58263      689.91468    1169     1.06531  448  690
  732      447.91704      690.85711    1169     1.06003  448  691
  733      448.25145      691.79954     784     1.05264  448  692
  734      448.58586      692.74197     977     1.04622  449  693
  735      448.92027      693.68439     977     1.04004  449  694
  736      449.25468      694.62682     977     1.03459  449  695
  737      449.58909      695.56925    1089     1.02907  450  696
  738      449.92350      696.51168    1089     1.02392  450  697
  739      450.25791      697.45410    1089     1.01793  450  697
  740      450.59232      698.39653     977     1.01096  451  698
  741      450.92673      699.33896    1089     1.00414  451  699
  742      451.26114      700.28139     784     0.99585  451  700
  743      451.59555      701.22381     977     0.98863  452  701
  744      451.92996      702.16624     977     0.98057  452  702
  745      452.26437      703.10867     977     0.97418  452  703
  746      452.59878      704.05110    1089     0.96791  453  704
  747      452.93319      704.99353    1089     0.96047  453  705
  748      453.26760      705.93595     977     0.95181  453  706
  749      453.60201      706.87838     977     0.94302  454  707
  750      453.93642      707.82081    1089     0.93327  454  708
  751      454.27083      708.76324    1089     0.92413  454  709
  752      454.60524      709.70566     977     0.91588  455  710
  753      454.93965      710.64809     977     0.90803  455  711
  754      455.27406      711.59052     977     0.90177  455  712
  755      455.60847      712.53295     977     0.89591  456  713
  756      455.94288      713.47538     977     0.89042  456  713
  757      456.27729      714.41780    1089     0.88530  456  714
  758      456.61169      715.36023     977     0.87966  457  715
  759      456.94610      716.30266     784     0.87394  457  716
  760      457.28051      717.24509     977     0.86739  457  717
  761      457.61492      718.18751    1089     0.86065  458  718
  762      457.94933      719.12994     977     0.85452  458  719
  763      458.28374      720.07237     977     0.84859  458  720
  764      458.61815      721.01480     784     0.84463  459  721
  765      458.95256      721.95723     784     0.84142  459  722
  766      459.28697      722.89965     977     0.83954  459  723
  767      459.62138      723.84208     977     0.83855  460  724
  768      459.95579      724.78451    1089     0.83805  460  725
  769      460.29020      725.72694     977     0.83764  460  726
  770      460.62461      726.66936     977     0.83622  461  727
  771      460.95902      727.61179     977     0.83410  461  728
  772      461.29343      728.55422     977     0.83137  461  729
  773      461.62784      729.49665     977     0.82830  462  729
  774      461.96225      730.43908     784     0.82484  462  730
  775      462.29666      731.38150     977     0.82207  462  731
  776      462.63107      732.32393     784     0.81942  463  732
  777      462.96548      733.26636     784     0.81653  463  733
  778      463.29989      734.20879    1169     0.81253  463  734
  779      463.63430      735.15121     977     0.80637  464  735
  780      463.96871      736.09364     977     0.79918  464  736
  781      464.30312      737.03607     977     0.79220  464  737
  782      464.63753      737.97850    1089     0.78529  465  738
  783      464.97194      738.92092     977     0.77931  465  739
  784      465.30635      739.86335     977     0.77471  465  740
  785      465.64076      740.80578     784     0.77115  466  741
  786      465.97517      741.74821     784     0.76892  466  742
  787      466.30958      742.69064     784     0.76656  466  743
  788      466.64399      743.63306    1089     0.76484  467  744
  789      466.97840      744.57549     977     0.76262  467  745
  790      467.31281      745.51792     977     0.75923  467  746
  791      467.64722      746.46035     977     0.75440  468  746
  792      467.98163      747.40277    1089     0.74844  468  747
  793      468.31604      748.34520     977     0.74196  468  748
  794      468.65045      749.28763     784     0.73572  469  749
  795      468.98486      750.23006     784     0.72948  469  750
  796      469.31927      751.17249     784     0.72398  469  751
  797      469.65368      752.11491    1089     0.71899  470  752
  798      469.98809      753.05734     977     0.71407  470  753
  799      470.32250      753.99977     977     0.71030  470  754
  800      470.65691      754.94220     784     0.70685  471  755
  801      470.99132      755.88462     784     0.70429  471  756
  802      471.32573      756.82705     784     0.70230  471  757
  803      471.66014      757.76948     977     0.70072  472  758
  804      471.99455      758.71191    1089     0.69898  472  759
  805      472.32896      759.65434     977     0.69751  472  760
  806      472.66337      760.59676     784     0.69605  473  761
  807      472.99778      761.53919     784     0.69412  473  762
  808      473.33219      762.48162     784     0.69220  473  762
  809      473.66660      763.42405    1089     0.69068  474  763
  810      474.00101      764.36647     977     0.68920  474  764
  811      474.33542      765.30890    1089     0.68818  474  765
  812      474.66983      766.25133     784     0.68924  475  766
  813      475.00424      767.19376     784     0.69416  475  767
  814      475.33865      768.13618     784     0.70406  475  768
  815      475.67306      769.07861     977     0.71755  476  769
  816      476.00747      770.02104     977     0.73315  476  770
  817      476.34188      770.96347     977     0.74701  476  771
  818      476.67629      771.90590     977     0.75662  477  772
  819      477.01070      772.84832     977     0.75890  477  773
  820      477.34511      773.79075     784     0.75312  477  774
  821      477.67952      774.73318     977     0.73960  478  775
  822      478.01392      775.67561     977     0.72122  478  776
  823      478.34833      776.61803     977     0.70079  478  777
  824      478.68274      777.56046     784     0.68292  479  778
  825      479.01715      778.50289     784     0.66896  479  779
  826      479.35156      779.44532     784     0.66049  479  779
  827      479.68597      780.38775     977     0.65815  480  780
  828      480.02038      781.33017     977     0.66272  480  781
  829      480.35479      782.27260     977     0.67227  480  782
  830      480.68920      783.21503     784     0.68553  481  783
  831      481.02361      784.15746     784     0.69992  481  784
  832      481.35802      785.09988     784     0.71090  481  785
  833      481.69243      786.04231     977     0.71492  482  786
  834      482.02684      786.98474     784     0.71002  482  787
  835      482.36125      787.92717     977     0.69940  482  788
  836      482.69566      788.86960    1089     0.68426  483  789
  837      483.03007      789.81202     977     0.66964  483  790
  838      483.36448      790.75445     977     0.66002  483  791
  839      483.69889      791.69688     784     0.65826  484  792
  840      484.03330      792.63931     784     0.66472  484  793
  841      484.36771      793.58173     784     0.67636  484  794
  842      484.70212      794.52416     784     0.68877  485  795
  843      485.03653      795.46659     784     0.69749  485  795
  844      485.37094      796.40902     977     0.69947  485  796
  845      485.70535      797.35144     977     0.69446  486  797
  846      486.03976      798.29387     977     0.68521  486  798
  847      486.37417      799.23630     977     0.67699  486  799
  848      486.70858      800.17873     784     0.67248  487  800
  849      487.04299      801.12116     784     0.67342  487  801
  850      487.37740      802.06358     784     0.67657  487  802
  851      487.71181      803.00601     977     0.67887  488  803
  852      488.04622      803.94844    1169     0.67759  488  804
  853      488.38063      804.89087     977     0.67164  488  805
  854      488.71504      805.83329     784     0.66335  489  806
  855      489.04945      806.77572     784     0.65575  489  807
  856      489.38386      807.71815     784     0.65228  489  808
  857      489.71827      808.66058     784     0.65355  490  809
  858      490.05268      809.60301     784     0.65895  490  810
  859      490.38709      810.54543     784     0.66472  490  811
  860      490.72150      811.48786    1169     0.66843  491  811
  861      491.05591      812.43029     977     0.66980  491  812
  862      491.39032      813.37272     977     0.66811  491  813
  863      491.72473      814.31514     784     0.66663  492  814
  864      492.05914      815.25757     784     0.66684  492  815
  865      492.39355      816.20000     784     0.66786  492  816
  866      492.72796      817.14243     784     0.66987  493  817
  867      493.06237      818.08486     977     0.67075  493  818
  868      493.39678      819.02728     784     0.67084  493  819
  869      493.73119      819.96971     977     0.67084  494  820
  870      494.06560      820.91214     977     0.67198  494  821
  871      494.40001      821.85457     977     0.67661  494  822
  872      494.73442      822.79699     977     0.68089  495  823
  873      495.06883      823.73942     977     0.68320  495  824
  874      495.40324      824.68185     784     0.68238  495  825
  875      495.73765      825.62428     784     0.67786  496  826
  876      496.07206      826.56671     784     0.67189  496  827
  877      496.40647      827.50913     784     0.66646  496  828
  878      496.74088      828.45156     977     0.66228  497  828
  879      497.07529      829.39399     977     0.65991  497  829
  880      497.40970      830.33642    1169     0.65755  497  830
  881      497.74411      831.27884     784     0.65674  498  831
  882      498.07852      832.22127     784     0.65734  498  832
  883      498.41293      833.16370     784     0.65829  498  833
  884      498.74734      834.10613     784     0.66041  499  834
  885      499.08175      835.04855     977     0.66195  499  835
  886      499.41616      835.99098     977     0.66240  499  836
  887      499.75056      836.93341     977     0.66274  500  837
  888      500.08497      837.87584     977     0.66163  500  838
  889      500.41938      838.81827     977     0.66017  500  839
  890      500.75379      839.76069     977     0.65920  501  840
  891      501.08820      840.70312     784     0.66020  501  841
  892      501.42261      841.64555     784     0.66143  501  842
  893      501.75702      842.58798     784     0.66361  502  843
  894      502.09143      843.53040     784     0.66456  502  844
  895      502.42584      844.47283     784     0.66429  502  844
  896      502.76025      845.41526     977     0.66382  503  845
  897      503.09466      846.35769     784     0.66243  503  846
  898      503.42907      847.30012     784     0.66073  503  847
  899      503.76348      848.24254     977     0.65988  504  848
  900      504.09789      849.18497    1169     0.66057  504  849
  901      504.43230      850.12740     784     0.66242  504  850
  902      504.76671      851.06983     784     0.66421  505  851
  903      505.10112      852.01225     784     0.66504  505  852
  904      505.43553      852.95468     977     0.66451  505  853
  905      505.76994      853.89711     784     0.66500  506  854
  906      506.10435      854.83954     784     0.66429  506  855
  907      506.43876      855.78197     784     0.66389  506  856
  908      506.77317      856.72439    1169     0.66425  507  857
  909      507.10758      857.66682     977     0.66592  507  858
  910      507.44199      858.60925     977     0.66724  507  859
  911      507.77640      859.55168     784     0.66807  508  860
  912      508.11081      860.49410     784     0.66801  508  860
  913      508.44522      861.43653     977     0.66654  508  861
  914      508.77963      862.37896     784     0.66533  509  862
  915      509.11404      863.32139     784     0.66528  509  863
  916      509.44845      864.26381     784     0.66500  509  864
  917      509.78286      865.20624     977     0.66492  510  865
  918      510.11727      866.14867     977     0.66288  510  866
  919      510.45168      867.09110     977     0.66110  510  867
  920      510.78609      868.03353     784     0.65847  511  868
  921      511.12050      868.97595     977     0.65633  511  869
  922      511.45491      869.91838     784     0.65348  511  870
  923      511.78932      870.86081     784     0.65254  512  871
  924      512.12373      871.80324     784     0.65318  512  872
  925      512.45814      872.74566     977     0.65378  512  873
  926      512.79255      873.68809     784     0.65458  513  874
  927      513.12696      874.63052     784     0.65507  513  875
  928      513.46137      875.57295     977     0.65638  513  876
  929      513.79578      876.51538     784     0.65774  514  877
  930      514.13019      877.45780     784     0.65856  514  877
  931      514.46460      878.40023     784     0.66038  514  878
  932      514.79901      879.34266     784     0.66238  515  879
  933      515.13342      880.28509     977     0.66397  515  880
  934      515.46783      881.22751     784     0.66526  515  881
  935      515.80224      882.16994     784     0.66639  516  882
  936      516.13665      883.11237     977     0.66588  516  883
  937      516.47106      884.05480     784     0.66492  516  884
  938      516.80547      884.99723     977     0.66450  517  885
  939      517.13988      885.93965    1169     0.66426  517  886
  940      517.47429      886.88208     784     0.66471  517  887
  941      517.80870      887.82451     784     0.66684  518  888
  942      518.14311      888.76694     977     0.67001  518  889
  943      518.47752      889.70936     784     0.67415  518  890
  944      518.81193      890.65179     784     0.67833  519  891
  945      519.14634      891.59422     784     0.68081  519  892
  946      519.48075      892.53665     977     0.68151  519  893
  947      519.81516      893.47907     784     0.68008  520  893
  948      520.14957      894.42150    1089     0.67621  520  894
  949      520.48398      895.36393    1089     0.67151  520  895
  950      520.81839      896.30636     784     0.66794  521  896
  951      521.15280      897.24879     784     0.66588  521  897
  952      521.48720      898.19121     784     0.66451  521  898
  953      521.82161      899.13364     784     0.66603  522  899
  954      522.15602      900.07607     784     0.66892  522  900
  955      522.49043      901.01850     977     0.67051  522  901
  956      522.82484      901.96092     784     0.67237  523  902
  957      523.15925      902.90335     977     0.67223  523  903
  958      523.49366      903.84578    1169     0.67073  523  904
  959      523.82807      904.78821     784     0.66934  524  905
  960      524.16248      905.73064     784     0.66727  524  906
  961      524.49689      906.67306     977     0.66615  524  907
  962      524.83130      907.61549     784     0.66624  525  908
  963      525.16571      908.55792     784     0.66799  525  909
  964      525.50012      909.50035     977     0.67077  526  910
  965      525.83453      910.44277     977     0.67244  526  910
  966      526.16894      911.38520     977     0.67289  526  911
  967      526.50335      912.32763     977     0.67255  527  912
  968      526.83776      913.27006     784     0.67140  527  913
  969      527.17217      914.21249     784     0.67078  527  914
  970      527.50658      915.15491     977     0.67050  528  915
  971      527.84099      916.09734     784     0.67241  528  916
  972      528.17540      917.03977     784     0.67513  528  917
  973      528.50981      917.98220     784     0.67755  529  918
  974      528.84422      918.92462     977     0.67885  529  919
  975      529.17863      919.86705    1089     0.67891  529  920
  976      529.51304      920.80948     784     0.67730  530  921
  977      529.84745      921.75191     977     0.67572  530  922
  978      530.18186      922.69434     784     0.67396  530  923
  979      530.51627      923.63676     784     0.67444  531  924
  980      530.85068      924.57919     977     0.67598  531  925
  981      531.18509      925.52162     784     0.67805  531  926
  982      531.51950      926.46405     784     0.67952  532  926
  983      531.85391      927.40647    1169     0.67884  532  927
  984      532.18832      928.34890     784     0.67646  532  928
  985      532.52273      929.29133     977     0.67286  533  929
  986      532.85714      930.23376     784     0.67094  533  930
  987      533.19155      931.17618     784     0.67127  533  931
  988      533.52596      932.11861    1089     0.67452  534  932
  989      533.86037      933.06104     784     0.67853  534  933
  990      534.19478      934.00347     977     0.68308  534  934
  991      534.52919      934.94590     977     0.68687  535  935
  992      534.86360      935.88832     977     0.68751  535  936
  993      535.19801      936.83075     784     0.68666  535  937
  994      535.53242      937.77318     784     0.68611  536  938
  995      535.86683      938.71561     977     0.68669  536  939
  996      536.20124      939.65803     784     0.69034  536  940
  997      536.53565      940.60046     977     0.69558  537  941
  998      536.87006      941.54289     784     0.70220  537  942
  999      537.20447      942.48532     784     0.70585  537  942
 1000      537.53888      943.42775    1169     0.70652  538  943
 1001      537.87329      944.37017     784     0.70224  538  944
 1002      538.20770      945.31260     977     0.69501  538  945
 1003      538.54211      946.25503     784     0.68790  539  946
 1004      538.87652      947.19746     977     0.68281  539  947
 1005      539.21093      948.13988     784     0.68261  539  948
 1006      539.54534      949.08231     977     0.68531  540  949
 1007      539.87975      950.02474     784     0.69073  540  950
 1008      540.21416      950.96717     784     0.69505  540  951
 1009      540.54857      951.90960     977     0.69709  541  952
 1010      540.88298      952.85202     784     0.69516  541  953
 1011      541.21739      953.79445     977     0.69118  541  954
 1012      541.55180      954.73688     977     0.68515  542  955
 1013      541.88621      955.67931     977     0.67996  542  956
 1014      542.22062      956.62173     784     0.67728  542  957
 1015      542.55503      957.56416     977     0.67971  543  958
 1016      542.88943      958.50659     977     0.68563  543  959
 1017      543.22384      959.44902     977     0.69549  543  959
 1018      543.55825      960.39144     977     0.70460  544  960
 1019      543.89266      961.33387     784     0.71131  544  961
 1020      544.22707      962.27630    1169     0.71285  544  962
 1021      544.56148      963.21873     977     0.70888  545  963
 1022      544.89589      964.16116     977     0.69959  545  964
 1023      545.23030      965.10358     784     0.68813  545  965
 1024      545.56471      966.04601     977     0.67651  546  966
 1025      545.89912      966.98844     977     0.66776  546  967
 1026      546.23353      967.93087     977     0.66172  546  968
 1027      546.56794      968.87329     784     0.65974  547  969
 1028      546.90235      969.81572     977     0.66087  547  970
 1029      547.23676      970.75815     784     0.66447  547  971
 1030      547.57117      971.70058     977     0.67024  548  972
 1031      547.90558      972.64301     784     0.67680  548  973
 1032      548.23999      973.58543     977     0.68410  548  974
 1033      548.57440      974.52786     784     0.69129  549  975
 1034      548.90881      975.47029     784     0.69738  549  975
 1035      549.24322      976.41272     784     0.70311  549  976
 1036      549.57763      977.35514    1089     0.70783  550  977
 1037      549.91204      978.29757     977     0.71177  550  978
 1038      550.24645      979.24000    1169     0.71462  550  979
 1039      550.58086      980.18243     784     0.71577  551  980
 1040      550.91527      981.12486     977     0.71403  551  981
 1041      551.24968      982.06728     784     0.71048  551  982
 1042      551.58409      983.00971     977     0.70300  552  983
 1043      551.91850      983.95214     784     0.69513  552  984
 1044      552.25291      984.89457     977     0.68601  552  985
 1045      552.58732      985.83699     784     0.67837  553  986
 1046      552.92173      986.77942     784     0.67335  553  987
 1047      553.25614      987.72185     977     0.67044  553  988
 1048      553.59055      988.66428     784     0.67005  554  989
 1049      553.92496      989.60671     977     0.66979  554  990
 1050      554.25937      990.54913     784     0.66968  554  991
 1051      554.59378      991.49156     784     0.66968  555  991
