        -851   2.6928632147382574     
        -850   2.6946818909310033     
        -849   2.6965770343292026     
        -848   2.6985587174083534     
        -847   2.7006967696014441     
        -846   2.7028058909046675     
        -845   2.7047594048031600     
        -844   2.7065930221320444     
        -843   2.7087975248284297     
        -842   2.7106554212086178     
        -841   2.7126217741008198     
        -840   2.7145386571746859     
        -839   2.7167658422810059     
        -838   2.7186545846175760     
        -837   2.7209254734750981     
        -836   2.7227756339739733     
        -835   2.7249044331526924     
        -834   2.7266314881990703     
        -833   2.7285025935152394     
        -832   2.7304807933100768     
        -831   2.7323681726555158     
        -830   2.7342053637088748     
        -829   2.7363833873287127     
        -828   2.7382930311223417     
        -827   2.7403656770854057     
        -826   2.7420231521516998     
        -825   2.7441175580176580     
        -824   2.7462338137653970     
        -823   2.7480661707311635     
        -822   2.7499347504661658     
        -821   2.7517357711393817     
        -820   2.7534723312212814     
        -819   2.7554798325332848     
        -818   2.7575915707711531     
        -817   2.7592312040031524     
        -816   2.7613139420099304     
        -815   2.7634261193205640     
        -814   2.7654186265967544     
        -813   2.7670273396619565     
        -812   2.7688265608598210     
        -811   2.7705759725449193     
        -810   2.7724999684259433     
        -809   2.7741252762436548     
        -808   2.7761111929083513     
        -807   2.7780656517765916     
        -806   2.7798556121734848     
        -805   2.7817521066433697     
        -804   2.7835197666936882     
        -803   2.7853209972685118     
        -802   2.7871358121719436     
        -801   2.7891338059010398     
        -800   2.7908954705023139     
        -799   2.7927767202876619     
        -798   2.7946489216567603     
        -797   2.7961202109481675     
        -796   2.7979211317899044     
        -795   2.7998229826197907     
        -794   2.8015739230925170     
        -793   2.8034180808816647     
        -792   2.8051537611771358     
        -791   2.8071061472958347     
        -790   2.8086111767107504     
        -789   2.8105197656907279     
        -788   2.8122419054525816     
        -787   2.8139813881663343     
        -786   2.8156868582146912     
        -785   2.8175416812755909     
        -784   2.8193109297400336     
        -783   2.8205938524852350     
        -782   2.8225235995842848     
        -781   2.8239644512801689     
        -780   2.8258791520138744     
        -779   2.8275821038698226     
        -778   2.8289306274546124     
        -777   2.8308119587548077     
        -776   2.8325373921555217     
        -775   2.8342479804845491     
        -774   2.8358067407492693     
        -773   2.8372481920532757     
        -772   2.8392855945929534     
        -771   2.8411155289407750     
        -770   2.8462019344977345     
        -769   2.8831881869382365     
        -768   2.9323386274051413     
        -767   2.9809476181661601     
        -766   3.0251267132935702     
        -765   3.0682628304316109     
        -764   3.1170343315974542     
        -763   3.1615862089494953     
        -762   3.2032746361210651     
        -761   3.2473791860459507     
        -760   3.2905711196842096     
        -759   3.3348887337052493     
        -758   3.3812195840564483     
        -757   3.4227011946281585     
        -756   3.4672849048455272     
        -755   3.5114735606669165     
        -754   3.5552607299929400     
        -753   3.5967799415406150     
        -752   3.6381042670292461     
        -751   3.6793785763320863     
        -750   3.7184487718493107     
        -749   3.7580566150747337     
        -748   3.7988905852642989     
        -747   3.8390743557970168     
        -746   3.8762542088887209     
        -745   3.9172660647123263     
        -744   3.9574346003298695     
        -743   3.9948977897760596     
        -742   4.0323014878607415     
        -741   4.0718551622874379     
        -740   4.1113600832867281     
        -739   4.1475218337557340     
        -738   4.1861616722677972     
        -737   4.2206922714008579     
        -736   4.2588777846471944     
        -735   4.2912532390150551     
        -734   4.3232204958699780     
        -733   4.3615326951210465     
        -732   4.3947462774348578     
        -731   4.4313137785233625     
        -730   4.4636628171392294     
        -729   4.4960925814212809     
        -728   4.5271950748986827     
        -727   4.5607450127950591     
        -726   4.5926216927400292     
        -725   4.6244748535010558     
        -724   4.6533665349876552     
        -723   4.6827843270846063     
        -722   4.7164190456787098     
        -721   4.7476539810093703     
        -720   4.7773060996239538     
        -719   4.8054868372435235     
        -718   4.8329698840043562     
        -717   4.8609709471843319     
        -716   4.8875551338110865     
        -715   4.9132762787102102     
        -714   4.9402065177594210     
        -713   4.9671626363767869     
        -712   4.9901029481394827     
        -711   5.0158098349216100     
        -710   5.0413527227710562     
        -709   5.0611199957532937     
        -708   5.0806170365523560     
        -707   5.1034577414478770     
        -706   5.1262125043975875     
        -705   5.1490931303565191     
        -704   5.1695320918175565     
        -703   5.1867715027308945     
        -702   5.2067468013472231     
        -701   5.2259709342923530     
        -700   5.2430614975875871     
        -699   5.2601308940324465     
        -698   5.2765652537421746     
        -697   5.2921398886293742     
        -696   5.3071416770478557     
        -695   5.3187247622627734     
        -694   5.3311166289867549     
        -693   5.3460034410442194     
        -692   5.3566035730771384     
        -691   5.3650498041751504     
        -690   5.3741779280941486     
        -689   5.3837625672828464     
        -688   5.3917150469519370     
        -687   5.3969441547675219     
        -686   5.4030378882947776     
        -685   5.4059937256925785     
        -684   5.4074020088136097     
        -683   5.4095177630429232     
        -682   5.4120647384150988     
        -681   5.4091692635240562     
        -680   5.4061198786809976     
        -679   5.4028180308570777     
        -678   5.3954831473922971     
        -677   5.3843584912445639     
        -676   5.3735920506213377     
        -675   5.3593195121505319     
        -674   5.3434950015549143     
        -673   5.3246268885649624     
        -672   5.2979192447189281     
        -671   5.2723676234104557     
        -670   5.2313449641253325     
        -669   5.1677045890999809     
        -668   5.1214090681470630     
        -667   5.0867042597048906     
        -666   5.0575220216343597     
        -665   5.0318321217894786     
        -664   5.0089079078954946     
        -663   4.9882601581781261     
        -662   4.9693548104549379     
        -661   4.9517270938376230     
        -660   4.9349791162350698     
        -659   4.9200844824822649     
        -658   4.9058865645241880     
        -657   4.8921381747363135     
        -656   4.8796676070938885     
        -655   4.8685756867919991     
        -654   4.8571621846303383     
        -653   4.8466240355523453     
        -652   4.8364768328786898     
        -651   4.8271565380868502     
        -650   4.8173125372196512     
        -649   4.8087985995466891     
        -648   4.8001590210835836     
        -647   4.7917999956578985     
        -646   4.7837576381966516     
        -645   4.7764838388276925     
        -644   4.7695113625998768     
        -643   4.7632417173960881     
        -642   4.7562771501651540     
        -641   4.7497216740824335     
        -640   4.7437370344038943     
        -639   4.7382336468592845     
        -638   4.7329394702605390     
        -637   4.7276078354559701     
        -636   4.7223294434935426     
        -635   4.7168701777710114     
        -634   4.7118298730636567     
        -633   4.7068184956513690     
        -632   4.7025218684987458     
        -631   4.6978780891198921     
        -630   4.6938757855452735     
        -629   4.6897548225231382     
        -628   4.6861648079335412     
        -627   4.6824221086799378     
        -626   4.6786748224542345     
        -625   4.6747732090567720     
        -624   4.6714503178388389     
        -623   4.6680402585438321     
        -622   4.6648247619206940     
        -621   4.6617793177587075     
        -620   4.6585647776352985     
        -619   4.6557380290903048     
        -618   4.6519967435970848     
        -617   4.6490505272533236     
        -616   4.6468818533516201     
        -615   4.6443676831993912     
        -614   4.6415544930747785     
        -613   4.6392010187492945     
        -612   4.6364386887544891     
        -611   4.6341936477557262     
        -610   4.6317642625468212     
        -609   4.6302100716731909     
        -608   4.6278658963840424     
        -607   4.6260568203249228     
        -606   4.6240628807181041     
        -605   4.6217336006473007     
        -604   4.6196083375351158     
        -603   4.6174382839025645     
        -602   4.6150097860036423     
        -601   4.6135721522027104     
        -600   4.6119471904260010     
        -599   4.6096774632539868     
        -598   4.6085021990375319     
        -597   4.6072682719644504     
        -596   4.6051615137700725     
        -595   4.6040103229145899     
        -594   4.6023877621728477     
        -593   4.6007415745620790     
        -592   4.5995222668978606     
        -591   4.5984937575430260     
        -590   4.5970693763406647     
        -589   4.5952674276006311     
        -588   4.5934844229994631     
        -587   4.5921871272061114     
        -586   4.5908271943823413     
        -585   4.5900974551103131     
        -584   4.5885482673033344     
        -583   4.5875170585640577     
        -582   4.5860957685713855     
        -581   4.5849951122764718     
        -580   4.5842368420637918     
        -579   4.5834282157741590     
        -578   4.5822015658415509     
        -577   4.5812175827686668     
        -576   4.5803219420200909     
        -575   4.5791490566164281     
        -574   4.5779619827088274     
        -573   4.5767808458720989     
        -572   4.5755960525341326     
        -571   4.5748746351122414     
        -570   4.5741839332396044     
        -569   4.5730009046198834     
        -568   4.5721361021264046     
        -567   4.5713550615723619     
        -566   4.5707874720048629     
        -565   4.5699024945099236     
        -564   4.5690532042714880     
        -563   4.5683676309074306     
        -562   4.5672952001634748     
        -561   4.5664613194441372     
        -560   4.5655826470163241     
        -559   4.5647793190086521     
        -558   4.5641693422540230     
        -557   4.5628526586357125     
        -556   4.5626844597542515     
        -555   4.5612636973058294     
        -554   4.5611152490465763     
        -553   4.5602415894921897     
        -552   4.5595143821848421     
        -551   4.5587251892369087     
        -550   4.5580782771323030     
        -549   4.5577574483153924     
        -548   4.5572297496327190     
        -547   4.5566065627057295     
        -546   4.5560075927169166     
        -545   4.5549103600273648     
        -544   4.5537558361720842     
        -543   4.5528873547907853     
        -542   4.5523454320831354     
        -541   4.5519066714584948     
        -540   4.5505992494769982     
        -539   4.5501914413775095     
        -538   4.5501204605697447     
        -537   4.5493870358107591     
        -536   4.5488445962129305     
        -535   4.5480001503072804     
        -534   4.5478320576271409     
        -533   4.5473416863286467     
        -532   4.5466376242480449     
        -531   4.5457815753358854     
        -530   4.5454685789208433     
        -529   4.5443124192848270     
        -528   4.5439273897401842     
        -527   4.5431631606980387     
        -526   4.5421964856065706     
        -525   4.5422576925648697     
        -524   4.5420502244659584     
        -523   4.5417341662194133     
        -522   4.5398330517570447     
        -521   4.5393186280512410     
        -520   4.5385972046202490     
        -519   4.5388554609458867     
        -518   4.5382884981797327     
        -517   4.5376914654752030     
        -516   4.5367306708256780     
        -515   4.5357293806187844     
        -514   4.5350181728590062     
        -513   4.5344582479318998     
        -512   4.5340847153580448     
        -511   4.5330120201130262     
        -510   4.5330176763862147     
        -509   4.5325205194957690     
        -508   4.5319166457554401     
        -507   4.5313398456063370     
        -506   4.5305541715226205     
        -505   4.5300622601408307     
        -504   4.5291494858721499     
        -503   4.5295895017880774     
        -502   4.5284976433492767     
        -501   4.5280907322364428     
        -500   4.5274761629420803     
        -499   4.5261521697986380     
        -498   4.5259113760358964     
        -497   4.5250847514830737     
        -496   4.5243774400348427     
        -495   4.5240698769802359     
        -494   4.5234212261864872     
        -493   4.5234489882658746     
        -492   4.5225126416420647     
        -491   4.5223420013263080     
        -490   4.5213517684319680     
        -489   4.5208710797870433     
        -488   4.5204097196036628     
        -487   4.5196903764776257     
        -486   4.5194045484666079     
        -485   4.5186126061891665     
        -484   4.5172960264656936     
        -483   4.5172130438165929     
        -482   4.5167558321104622     
        -481   4.5162687081911903     
        -480   4.5150703687046310     
        -479   4.5146447250471580     
        -478   4.5147299246906396     
        -477   4.5136556578331870     
        -476   4.5131307966158243     
        -475   4.5127327763519931     
        -474   4.5122353009422351     
        -473   4.5115062065649401     
        -472   4.5108553361333721     
        -471   4.5105221967041746     
        -470   4.5100627755127265     
        -469   4.5090469990499074     
        -468   4.5085743683319812     
        -467   4.5082053897000831     
        -466   4.5079210572040536     
        -465   4.5072382723873954     
        -464   4.5063522108764120     
        -463   4.5062363575098239     
        -462   4.5055164466459683     
        -461   4.5053733134254541     
        -460   4.5049004293817028     
        -459   4.5038827223990374     
        -458   4.5037259076588683     
        -457   4.5032291753689648     
        -456   4.5031099032419188     
        -455   4.5021847830418649     
        -454   4.5019393212909895     
        -453   4.5014016788183993     
        -452   4.5007762480778810     
        -451   4.5008166274710897     
        -450   4.5000059521468447     
        -449   4.4992043710310536     
        -448   4.4994635718824965     
        -447   4.4991399483950865     
        -446   4.4986908390596367     
        -445   4.4981717109923087     
        -444   4.4976905322278462     
        -443   4.4973872096718202     
        -442   4.4970859734474766     
        -441   4.4967333100738989     
        -440   4.4958314250236047     
        -439   4.4958814068332140     
        -438   4.4954594752825638     
        -437   4.4953264359230447     
        -436   4.4949136765542743     
        -435   4.4947188166161061     
        -434   4.4942093700356471     
        -433   4.4943722970646212     
        -432   4.4941702145549032     
        -431   4.4939100119890361     
        -430   4.4934121617599310     
        -429   4.4931081557580663     
        -428   4.4929567511785251     
        -427   4.4929510431772535     
        -426   4.4931205290064948     
        -425   4.4926996321094279     
        -424   4.4925783043216603     
        -423   4.4927917484297550     
        -422   4.4929131946549132     
        -421   4.4926686413880370     
        -420   4.4924355412585539     
        -419   4.4927814673041935     
        -418   4.4929504068932244     
        -417   4.4929592762381922     
        -416   4.4931739701940669     
        -415   4.4928784990681061     
        -414   4.4933638323372209     
        -413   4.4934353073179878     
        -412   4.4936715503933780     
        -411   4.4936414238628881     
        -410   4.4937133918594849     
        -409   4.4941617673639280     
        -408   4.4948990969445299     
        -407   4.4949904931298885     
        -406   4.4955607684833696     
        -405   4.4958472337182505     
        -404   4.4963104372188436     
        -403   4.4967631874480318     
        -402   4.4974555604705229     
        -401   4.4982077750899814     
        -400   4.4986179533669830     
        -399   4.4992958710701796     
        -398   4.5001064947963991     
        -397   4.5013080328220711     
        -396   4.5014805581219690     
        -395   4.5022649269575732     
        -394   4.5039250187273012     
        -393   4.5042277194284326     
        -392   4.5052023584854517     
        -391   4.5069127118314496     
        -390   4.5074632576412297     
        -389   4.5086494426797721     
        -388   4.5099747762795390     
        -387   4.5113306319077546     
        -386   4.5127584044871378     
        -385   4.5142756667001880     
        -384   4.5161801572062092     
        -383   4.5173574595542467     
        -382   4.5194616613645682     
        -381   4.5211836019057277     
        -380   4.5229358128017418     
        -379   4.5244169729986012     
        -378   4.5267600651336197     
        -377   4.5286887010019470     
        -376   4.5309701200112888     
        -375   4.5333713795648327     
        -374   4.5358309102012884     
        -373   4.5381217151329984     
        -372   4.5408293931098189     
        -371   4.5433479278426043     
        -370   4.5463701383289994     
        -369   4.5496118961057412     
        -368   4.5526843672799506     
        -367   4.5559714211675217     
        -366   4.5592448316614211     
        -365   4.5621068548387882     
        -364   4.5661280187367783     
        -363   4.5699259820125810     
        -362   4.5737461504908303     
        -361   4.5782948696261272     
        -360   4.5826675989320025     
        -359   4.5872420307209936     
        -358   4.5916107974789995     
        -357   4.5965203945841129     
        -356   4.6021267636179894     
        -355   4.6075563882143440     
        -354   4.6134143678794288     
        -353   4.6192488348268510     
        -352   4.6257276046531279     
        -351   4.6315909681242378     
        -350   4.6389000993169800     
        -349   4.6458328545837269     
        -348   4.6531027459424612     
        -347   4.6608247816737132     
        -346   4.6688693915692951     
        -345   4.6779205567513511     
        -344   4.6867226169818288     
        -343   4.6965725635835893     
        -342   4.7072596789772234     
        -341   4.7181999771391059     
        -340   4.7302517707997991     
        -339   4.7424880318389162     
        -338   4.7557647261013276     
        -337   4.7698115412787061     
        -336   4.7852026786908732     
        -335   4.8013330800782548     
        -334   4.8189286115273928     
        -333   4.8387256532057723     
        -332   4.8598082113836547     
        -331   4.8841215289678637     
        -330   4.9117260284212625     
        -329   4.9459683927895917     
        -328   4.9943178474941048     
        -327   5.0489789295026517     
        -326   5.0867486433494173     
        -325   5.1162524870828054     
        -324   5.1335435537140190     
        -323   5.1545244423791043     
        -322   5.1699301915903062     
        -321   5.1827754727955817     
        -320   5.1917312165564127     
        -319   5.1983105751648706     
        -318   5.2048971062094811     
        -317   5.2070633647670475     
        -316   5.2080313547487700     
        -315   5.2115647078744471     
        -314   5.2114968635649435     
        -313   5.2060471708024973     
        -312   5.2047231198267747     
        -311   5.2026337144269501     
        -310   5.1949505951339017     
        -309   5.1874764374194253     
        -308   5.1839876808889649     
        -307   5.1742581913733234     
        -306   5.1651612873351880     
        -305   5.1534977883764466     
        -304   5.1409819347285968     
        -303   5.1317214823825026     
        -302   5.1201568385468734     
        -301   5.1067834588150873     
        -300   5.0940060721469642     
        -299   5.0778677732454298     
        -298   5.0638256897265945     
        -297   5.0480854905842980     
        -296   5.0305700244447005     
        -295   5.0127702754772363     
        -294   4.9945825395737105     
        -293   4.9753481517801950     
        -292   4.9554491063115798     
        -291   4.9327737122550390     
        -290   4.9130812377337136     
        -289   4.8924845100283854     
        -288   4.8728430486044108     
        -287   4.8498936664851762     
        -286   4.8294008007241311     
        -285   4.8051901946816624     
        -284   4.7834781906076973     
        -283   4.7589307598377131     
        -282   4.7340715611730406     
        -281   4.7098386110756891     
        -280   4.6825684185759053     
        -279   4.6563474409599959     
        -278   4.6305476231887077     
        -277   4.6032835966031582     
        -276   4.5767201539197773     
        -275   4.5483315112453546     
        -274   4.5195427739998193     
        -273   4.4922262050433410     
        -272   4.4637039478578400     
        -271   4.4329702430651805     
        -270   4.4047301834949844     
        -269   4.3726762435982476     
        -268   4.3413980203755473     
        -267   4.3112311602974129     
        -266   4.2783513247602585     
        -265   4.2470041857380156     
        -264   4.2143632388281871     
        -263   4.1839866171547460     
        -262   4.1512283794686242     
        -261   4.1172985192350362     
        -260   4.0817872918701079     
        -259   4.0493703431701755     
        -258   4.0145813269637625     
        -257   3.9807807975230536     
        -256   3.9453471077354618     
        -255   3.9106571721963914     
        -254   3.8760534040497157     
        -253   3.8385496020908652     
        -252   3.8047576620245622     
        -251   3.7680084774868767     
        -250   3.7309113483142502     
        -249   3.6942223527283709     
        -248   3.6571726155842588     
        -247   3.6198322119324828     
        -246   3.5817340772348607     
        -245   3.5411367362361332     
        -244   3.5033850975549035     
        -243   3.4624294495409527     
        -242   3.4247494892298525     
        -241   3.3831131746750751     
        -240   3.3465394314312147     
        -239   3.3067178135231292     
        -238   3.2637712711899640     
        -237   3.2235281358803594     
        -236   3.1823364608990472     
        -235   3.1411550589094519     
        -234   3.1010422156243824     
        -233   3.0609268296942447     
        -232   3.0201756814857581     
        -231   2.9758869983981477     
        -230   2.9325993543911855     
        -229   2.8913816893893038     
        -228   2.8476784888314386     
        -227   2.8074072100391851     
        -226   2.7639260168916291     
        -225   2.7195777249700241     
        -224   2.6826539526582827     
        -223   2.6776141327958567     
        -222   2.6759621811362360     
        -221   2.6740545189529392     
        -220   2.6725202922864764     
        -219   2.6704783539154295     
        -218   2.6687800932798402     
        -217   2.6669919780266138     
        -216   2.6652193927607102     
        -215   2.6632557275005659     
        -214   2.6612677258715332     
        -213   2.6596179798152453     
        -212   2.6579776803475479     
        -211   2.6559743721369871     
        -210   2.6544391277788857     
        -209   2.6528617622409953     
        -208   2.6509718744809390     
        -207   2.6488050708187987     
        -206   2.6469636856409338     
        -205   2.6454620256902368     
        -204   2.6436803934453597     
        -203   2.6420267157005246     
        -202   2.6402401092581740     
        -201   2.6381482324958379     
        -200   2.6357885907669116     
        -199   2.6341025315578830     
        -198   2.6325997803813257     
        -197   2.6309058429023997     
        -196   2.6287817740919510     
        -195   2.6269013690584488     
        -194   2.6252021348394488     
        -193   2.6235387009175200     
        -192   2.6217503273247278     
        -191   2.6198052848914974     
        -190   2.6180944776668600     
        -189   2.6157834326463432     
        -188   2.6140006902322264     
        -187   2.6121761000690538     
        -186   2.6104642644165943     
        -185   2.6086269882934401     
        -184   2.6066099710976891     
        -183   2.6048973990172835     
        -182   2.6029956823755032     
        -181   2.6014492311221615     
        -180   2.5991568844736985     
        -179   2.5973750825753346     
        -178   2.5956102147846316     
        -177   2.5935759535873868     
        -176   2.5917459626322259     
        -175   2.5899770277767411     
        -174   2.5879127610192643     
        -173   2.5859463968126448     
        -172   2.5841516349502589     
        -171   2.5822713409094966     
        -170   2.5802738984365150     
        -169   2.5784734857577174     
        -168   2.5764460712728203     
        -167   2.5744920088437979     
        -166   2.5728219317419230     
        -165   2.5708051966953520     
        -164   2.5690494325722519     
        -163   2.5671578577742622     
        -162   2.5651669343535137     
        -161   2.5635765536737471     
        -160   2.5614533869344518     
        -159   2.5595441397180867     
        -158   2.5576234549925014     
        -157   2.5555512726974583     
        -156   2.5534066969994753     
        -155   2.5516733856128324     
        -154   2.5498060543542604     
        -153   2.5478675065300371     
        -152   2.5457664186359437     
        -151   2.5439713993271522     
        -150   2.5422580470349385     
