-8.510000000000000000e+02 2.344562597839741969e+00
-8.500000000000000000e+02 2.305810289931341295e+00
-8.490000000000000000e+02 2.777059791815196022e+00
-8.480000000000000000e+02 2.222657648545319109e+00
-8.470000000000000000e+02 3.022979499851260243e+00
-8.460000000000000000e+02 3.126251981052992956e+00
-8.450000000000000000e+02 2.580099704900174817e+00
-8.440000000000000000e+02 2.612717771311517279e+00
-8.430000000000000000e+02 2.187838778288256680e+00
-8.420000000000000000e+02 2.829361748235367902e+00
-8.410000000000000000e+02 2.967237518825734721e+00
-8.400000000000000000e+02 2.668462057426264966e+00
-8.390000000000000000e+02 2.574969294520356389e+00
-8.380000000000000000e+02 3.006389955672441161e+00
-8.370000000000000000e+02 2.549401873736127033e+00
-8.360000000000000000e+02 2.438621214810332560e+00
-8.350000000000000000e+02 2.723777893727217236e+00
-8.340000000000000000e+02 2.878021132811506622e+00
-8.330000000000000000e+02 2.479958990266911911e+00
-8.320000000000000000e+02 2.872641862029865489e+00
-8.310000000000000000e+02 2.551294809142454767e+00
-8.300000000000000000e+02 3.146710817229601886e+00
-8.290000000000000000e+02 2.340490475600076170e+00
-8.280000000000000000e+02 2.710860422408102099e+00
-8.270000000000000000e+02 2.706089578505367133e+00
-8.260000000000000000e+02 2.609395171752377784e+00
-8.250000000000000000e+02 2.768751650215953930e+00
-8.240000000000000000e+02 2.526084434618899532e+00
-8.230000000000000000e+02 2.317629990387514827e+00
-8.220000000000000000e+02 2.565160692662302733e+00
-8.210000000000000000e+02 2.526453803814662002e+00
-8.200000000000000000e+02 2.656482178841899522e+00
-8.190000000000000000e+02 2.367889096732319398e+00
-8.180000000000000000e+02 2.449799991810662547e+00
-8.170000000000000000e+02 2.389405770499080983e+00
-8.160000000000000000e+02 2.952816351431025055e+00
-8.150000000000000000e+02 3.268278632664922689e+00
-8.140000000000000000e+02 3.399102934172387513e+00
-8.130000000000000000e+02 3.290308710147408444e+00
-8.120000000000000000e+02 3.217637225314976313e+00
-8.110000000000000000e+02 2.623088694209463334e+00
-8.100000000000000000e+02 2.488051160555454278e+00
-8.090000000000000000e+02 2.821677540343163759e+00
-8.080000000000000000e+02 3.371397762395144770e+00
-8.070000000000000000e+02 3.074175570506773703e+00
-8.060000000000000000e+02 2.591883427679575913e+00
-8.050000000000000000e+02 2.630663123226010036e+00
-8.040000000000000000e+02 3.664965326210047003e+00
-8.030000000000000000e+02 2.430362456726771647e+00
-8.020000000000000000e+02 2.895817827887904983e+00
-8.010000000000000000e+02 3.186137381517994971e+00
-8.000000000000000000e+02 3.623443031784204127e+00
-7.990000000000000000e+02 2.785478221100074148e+00
-7.980000000000000000e+02 3.104634805553995403e+00
-7.970000000000000000e+02 3.321072454902934457e+00
-7.960000000000000000e+02 3.339530613836009465e+00
-7.950000000000000000e+02 3.243931184964778502e+00
-7.940000000000000000e+02 3.113585398667227278e+00
-7.930000000000000000e+02 3.036135130745345023e+00
-7.920000000000000000e+02 2.841399690611517315e+00
-7.910000000000000000e+02 2.642595016164158039e+00
-7.900000000000000000e+02 2.958819489744267450e+00
-7.890000000000000000e+02 3.182088354875506564e+00
-7.880000000000000000e+02 2.543453780860284841e+00
-7.870000000000000000e+02 3.038236450501894392e+00
-7.860000000000000000e+02 2.962429516916209593e+00
-7.850000000000000000e+02 2.719160911189098861e+00
-7.840000000000000000e+02 3.009680349393414112e+00
-7.830000000000000000e+02 3.543771589021618595e+00
-7.820000000000000000e+02 3.089037279486360088e+00
-7.810000000000000000e+02 3.233694819623240235e+00
-7.800000000000000000e+02 2.640332781533873963e+00
-7.790000000000000000e+02 3.792949349082999078e+00
-7.780000000000000000e+02 3.434044488271898121e+00
-7.770000000000000000e+02 3.510571394603794637e+00
-7.760000000000000000e+02 3.133132856475068895e+00
-7.750000000000000000e+02 3.854438071066643712e+00
-7.740000000000000000e+02 3.596790836136645630e+00
-7.730000000000000000e+02 3.440795444277219062e+00
-7.720000000000000000e+02 3.439232208856374040e+00
-7.710000000000000000e+02 3.478660687705360299e+00
-7.700000000000000000e+02 3.477882024554299178e+00
-7.690000000000000000e+02 3.478395426029016413e+00
-7.680000000000000000e+02 3.035440134555874359e+00
-7.670000000000000000e+02 3.672192644434206787e+00
-7.660000000000000000e+02 2.943453938128480996e+00
-7.650000000000000000e+02 3.801818394112840505e+00
-7.640000000000000000e+02 3.399658216741230365e+00
-7.630000000000000000e+02 3.652784298720392453e+00
-7.620000000000000000e+02 3.277916093810963716e+00
-7.610000000000000000e+02 3.061624413239703468e+00
-7.600000000000000000e+02 3.822737025030771285e+00
-7.590000000000000000e+02 3.647856751654194429e+00
-7.580000000000000000e+02 3.341227424427429593e+00
-7.570000000000000000e+02 3.070085716610614579e+00
-7.560000000000000000e+02 3.770076400918526360e+00
-7.550000000000000000e+02 4.067102474607644069e+00
-7.540000000000000000e+02 3.584547555668281316e+00
-7.530000000000000000e+02 3.793219930975842313e+00
-7.520000000000000000e+02 3.676176723886124265e+00
-7.510000000000000000e+02 3.767583886682671412e+00
-7.500000000000000000e+02 3.657696534105892905e+00
-7.490000000000000000e+02 3.732804168556445923e+00
-7.480000000000000000e+02 4.026321600695500713e+00
-7.470000000000000000e+02 3.932950916652426798e+00
-7.460000000000000000e+02 4.016907787756539783e+00
-7.450000000000000000e+02 4.015405054762817727e+00
-7.440000000000000000e+02 4.421894946445758201e+00
-7.430000000000000000e+02 3.943720862055085874e+00
-7.420000000000000000e+02 3.023643649433580549e+00
-7.410000000000000000e+02 4.102659261771596455e+00
-7.400000000000000000e+02 3.946775172824213307e+00
-7.390000000000000000e+02 4.118692918530887148e+00
-7.380000000000000000e+02 4.289238224367894148e+00
-7.370000000000000000e+02 3.383780662530410765e+00
-7.360000000000000000e+02 3.774530403043313331e+00
-7.350000000000000000e+02 3.789176875140734868e+00
-7.340000000000000000e+02 3.827137109412150906e+00
-7.330000000000000000e+02 4.274617062959372049e+00
-7.320000000000000000e+02 4.457837890572527328e+00
-7.310000000000000000e+02 4.804629351397672998e+00
-7.300000000000000000e+02 4.558180053421671651e+00
-7.290000000000000000e+02 3.620303017803367496e+00
-7.280000000000000000e+02 4.365684797963999664e+00
-7.270000000000000000e+02 3.935634120165346417e+00
-7.260000000000000000e+02 4.546424148459142778e+00
-7.250000000000000000e+02 3.043273373021122552e+00
-7.240000000000000000e+02 4.657279800153635740e+00
-7.230000000000000000e+02 4.160176856894163500e+00
-7.220000000000000000e+02 4.824594935960994313e+00
-7.210000000000000000e+02 3.820370461779283300e+00
-7.200000000000000000e+02 4.328183062145199322e+00
-7.190000000000000000e+02 5.044799539355131479e+00
-7.180000000000000000e+02 4.900102080959965356e+00
-7.170000000000000000e+02 4.069091429136796556e+00
-7.160000000000000000e+02 4.161532009311398994e+00
-7.150000000000000000e+02 4.338055964953667853e+00
-7.140000000000000000e+02 5.365964929410063533e+00
-7.130000000000000000e+02 4.281918906065643071e+00
-7.120000000000000000e+02 4.165718416984972805e+00
-7.110000000000000000e+02 4.639405543909526308e+00
-7.100000000000000000e+02 5.221696258865996754e+00
-7.090000000000000000e+02 4.786715552461462408e+00
-7.080000000000000000e+02 4.800621190457482257e+00
-7.070000000000000000e+02 4.591669274189103866e+00
-7.060000000000000000e+02 3.716974285817138846e+00
-7.050000000000000000e+02 4.587938311583508622e+00
-7.040000000000000000e+02 5.087887616598593787e+00
-7.030000000000000000e+02 4.291205691719667037e+00
-7.020000000000000000e+02 4.458581318297653695e+00
-7.010000000000000000e+02 4.480971424367026223e+00
-7.000000000000000000e+02 4.585969984786856912e+00
-6.990000000000000000e+02 4.887575696659046898e+00
-6.980000000000000000e+02 4.529901652539998658e+00
-6.970000000000000000e+02 4.167656259085930515e+00
-6.960000000000000000e+02 4.085516089023322195e+00
-6.950000000000000000e+02 4.232644659303216095e+00
-6.940000000000000000e+02 4.557412003081188878e+00
-6.930000000000000000e+02 5.255337250164386020e+00
-6.920000000000000000e+02 4.068441644733128193e+00
-6.910000000000000000e+02 5.072745379632547902e+00
-6.900000000000000000e+02 4.235404982415617248e+00
-6.890000000000000000e+02 4.719960868599762271e+00
-6.880000000000000000e+02 5.084888469453408000e+00
-6.870000000000000000e+02 4.032591822262656223e+00
-6.860000000000000000e+02 5.046233358417817172e+00
-6.850000000000000000e+02 4.532707606031504355e+00
-6.840000000000000000e+02 3.784168286948128568e+00
-6.830000000000000000e+02 4.669043911332930286e+00
-6.820000000000000000e+02 4.982480816640411092e+00
-6.810000000000000000e+02 4.223233531457817769e+00
-6.800000000000000000e+02 5.037561848818958410e+00
-6.790000000000000000e+02 5.537177573446438572e+00
-6.780000000000000000e+02 4.634209544410515136e+00
-6.770000000000000000e+02 4.953641225728651065e+00
-6.760000000000000000e+02 4.307501371387023603e+00
-6.750000000000000000e+02 4.082491353201937123e+00
-6.740000000000000000e+02 4.157712618989627629e+00
-6.730000000000000000e+02 4.272277437603950290e+00
-6.720000000000000000e+02 4.230568092478919517e+00
-6.710000000000000000e+02 4.717305500021857334e+00
-6.700000000000000000e+02 4.589846783262890639e+00
-6.690000000000000000e+02 5.236829417334754488e+00
-6.680000000000000000e+02 3.999670582365024263e+00
-6.670000000000000000e+02 4.950084398020897503e+00
-6.660000000000000000e+02 4.930768730111391385e+00
-6.650000000000000000e+02 5.071178382808390062e+00
-6.640000000000000000e+02 4.606763636865332856e+00
-6.630000000000000000e+02 4.876869360285271959e+00
-6.620000000000000000e+02 5.085835106353249202e+00
-6.610000000000000000e+02 5.689798021677605178e+00
-6.600000000000000000e+02 4.934786803878915329e+00
-6.590000000000000000e+02 4.103426081866041741e+00
-6.580000000000000000e+02 4.735018416155278409e+00
-6.570000000000000000e+02 5.050873084787600220e+00
-6.560000000000000000e+02 4.256836048719890186e+00
-6.550000000000000000e+02 4.853010228650666669e+00
-6.540000000000000000e+02 5.380003737620150162e+00
-6.530000000000000000e+02 4.890275110388746960e+00
-6.520000000000000000e+02 5.413362395543585670e+00
-6.510000000000000000e+02 5.850409723780149562e+00
-6.500000000000000000e+02 5.154798715648955643e+00
-6.490000000000000000e+02 4.832844591163429904e+00
-6.480000000000000000e+02 4.245947883837342118e+00
-6.470000000000000000e+02 4.675433921260180981e+00
-6.460000000000000000e+02 5.250341546756644107e+00
-6.450000000000000000e+02 4.312378452257508599e+00
-6.440000000000000000e+02 4.275252611980216777e+00
-6.430000000000000000e+02 5.022656138769302281e+00
-6.420000000000000000e+02 4.574561016139458758e+00
-6.410000000000000000e+02 5.314002410153532807e+00
-6.400000000000000000e+02 5.524234136835767472e+00
-6.390000000000000000e+02 4.405878121279549475e+00
-6.380000000000000000e+02 5.565623579417122713e+00
-6.370000000000000000e+02 4.652745105822546634e+00
-6.360000000000000000e+02 5.524949370991317110e+00
-6.350000000000000000e+02 4.862186351839127063e+00
-6.340000000000000000e+02 4.319725330035672606e+00
-6.330000000000000000e+02 4.021291932277540226e+00
-6.320000000000000000e+02 5.334772641546665639e+00
-6.310000000000000000e+02 4.590478838848681242e+00
-6.300000000000000000e+02 3.711077029718162557e+00
-6.290000000000000000e+02 4.990831122381841567e+00
-6.280000000000000000e+02 4.920322883700975147e+00
-6.270000000000000000e+02 4.901089939706300136e+00
-6.260000000000000000e+02 4.739847905191499677e+00
-6.250000000000000000e+02 4.337169332393004950e+00
-6.240000000000000000e+02 4.165344968265472403e+00
-6.230000000000000000e+02 4.517772921004771014e+00
-6.220000000000000000e+02 5.295145939494742215e+00
-6.210000000000000000e+02 4.919760822081877372e+00
-6.200000000000000000e+02 4.746904709836113234e+00
-6.190000000000000000e+02 4.881131604840650340e+00
-6.180000000000000000e+02 4.422345106959052252e+00
-6.170000000000000000e+02 4.502007970690685035e+00
-6.160000000000000000e+02 5.337841236950799484e+00
-6.150000000000000000e+02 4.614079764171096443e+00
-6.140000000000000000e+02 4.667861699183889712e+00
-6.130000000000000000e+02 4.652571041116990713e+00
-6.120000000000000000e+02 4.485082170553511105e+00
-6.110000000000000000e+02 4.485141357793416717e+00
-6.100000000000000000e+02 4.000972552944558558e+00
-6.090000000000000000e+02 4.604522927448676306e+00
-6.080000000000000000e+02 4.991341946380136285e+00
-6.070000000000000000e+02 4.260297742986090874e+00
-6.060000000000000000e+02 4.557679480587042420e+00
-6.050000000000000000e+02 4.869911895683226355e+00
-6.040000000000000000e+02 4.800416257863792779e+00
-6.030000000000000000e+02 4.520018097281778502e+00
-6.020000000000000000e+02 4.987289593109987429e+00
-6.010000000000000000e+02 4.536348187998715531e+00
-6.000000000000000000e+02 4.557612204260150790e+00
-5.990000000000000000e+02 4.100437880028274584e+00
-5.980000000000000000e+02 4.511738281042966925e+00
-5.970000000000000000e+02 4.932791053670265491e+00
-5.960000000000000000e+02 4.183592239235419896e+00
-5.950000000000000000e+02 3.932689700648596798e+00
-5.940000000000000000e+02 4.954811795185763756e+00
-5.930000000000000000e+02 3.789660382600952282e+00
-5.920000000000000000e+02 3.909254684129360946e+00
-5.910000000000000000e+02 4.768782197117111821e+00
-5.900000000000000000e+02 4.921428419457459569e+00
-5.890000000000000000e+02 5.464039214146096057e+00
-5.880000000000000000e+02 4.773772453215330280e+00
-5.870000000000000000e+02 5.291920721120615845e+00
-5.860000000000000000e+02 5.101936470974216320e+00
-5.850000000000000000e+02 4.268970234299814592e+00
-5.840000000000000000e+02 4.928669389026278935e+00
-5.830000000000000000e+02 4.787641178107250539e+00
-5.820000000000000000e+02 3.505282328649343970e+00
-5.810000000000000000e+02 5.124424444523599576e+00
-5.800000000000000000e+02 4.581886127063985903e+00
-5.790000000000000000e+02 4.724104265242098144e+00
-5.780000000000000000e+02 5.141101607750008462e+00
-5.770000000000000000e+02 4.963628207470304865e+00
-5.760000000000000000e+02 4.932801694323775799e+00
-5.750000000000000000e+02 5.221120096326815840e+00
-5.740000000000000000e+02 4.237958447984694565e+00
-5.730000000000000000e+02 4.577785844087708611e+00
-5.720000000000000000e+02 4.468719891332335159e+00
-5.710000000000000000e+02 3.989603086166770396e+00
-5.700000000000000000e+02 4.640145164500898645e+00
-5.690000000000000000e+02 5.266845124637736575e+00
-5.680000000000000000e+02 5.003351433043608409e+00
-5.670000000000000000e+02 4.983899191483481594e+00
-5.660000000000000000e+02 4.570745295582470114e+00
-5.650000000000000000e+02 4.673654980181693119e+00
-5.640000000000000000e+02 3.903750013204533076e+00
-5.630000000000000000e+02 5.532183021425201019e+00
-5.620000000000000000e+02 5.205258809579246027e+00
-5.610000000000000000e+02 4.874623544071767789e+00
-5.600000000000000000e+02 4.167016613347405141e+00
-5.590000000000000000e+02 4.737477597799783169e+00
-5.580000000000000000e+02 4.002311573832656677e+00
-5.570000000000000000e+02 4.027935240063229116e+00
-5.560000000000000000e+02 4.057062701394494653e+00
-5.550000000000000000e+02 4.747049228083158212e+00
-5.540000000000000000e+02 4.222619953443885521e+00
-5.530000000000000000e+02 3.909475235141101290e+00
-5.520000000000000000e+02 4.497800982275240500e+00
-5.510000000000000000e+02 5.343116414976710971e+00
-5.500000000000000000e+02 5.010560805477948243e+00
-5.490000000000000000e+02 5.090693571905530845e+00
-5.480000000000000000e+02 5.225999085886010143e+00
-5.470000000000000000e+02 3.850747859755276448e+00
-5.460000000000000000e+02 5.586351548224660846e+00
-5.450000000000000000e+02 4.947801606434494737e+00
-5.440000000000000000e+02 4.491717827383881811e+00
-5.430000000000000000e+02 5.661871606628490206e+00
-5.420000000000000000e+02 4.798427070872652855e+00
-5.410000000000000000e+02 4.055972941496418294e+00
-5.400000000000000000e+02 4.221609446638977303e+00
-5.390000000000000000e+02 4.530390758482443658e+00
-5.380000000000000000e+02 5.200674925110704727e+00
-5.370000000000000000e+02 5.105504589288023531e+00
-5.360000000000000000e+02 4.638066269105759254e+00
-5.350000000000000000e+02 4.400973405645290271e+00
-5.340000000000000000e+02 5.293281732399239381e+00
-5.330000000000000000e+02 4.808137093817535401e+00
-5.320000000000000000e+02 4.202537341561326301e+00
-5.310000000000000000e+02 4.853747467072444088e+00
-5.300000000000000000e+02 4.688347946333516703e+00
-5.290000000000000000e+02 3.943230465527111317e+00
-5.280000000000000000e+02 3.593059449832717522e+00
-5.270000000000000000e+02 4.001630976658300476e+00
-5.260000000000000000e+02 5.010328713117380595e+00
-5.250000000000000000e+02 5.142451084876828560e+00
-5.240000000000000000e+02 5.209911427729944755e+00
-5.230000000000000000e+02 4.868814901068943435e+00
-5.220000000000000000e+02 3.918615886520354419e+00
-5.210000000000000000e+02 4.489773040574211116e+00
-5.200000000000000000e+02 4.389037610811613810e+00
-5.190000000000000000e+02 4.375236995956291786e+00
-5.180000000000000000e+02 5.315734313379060438e+00
-5.170000000000000000e+02 4.663305070239093020e+00
-5.160000000000000000e+02 3.918580910347353452e+00
-5.150000000000000000e+02 5.075255050579613680e+00
-5.140000000000000000e+02 4.689343330045843139e+00
-5.130000000000000000e+02 4.004725123746379900e+00
-5.120000000000000000e+02 4.465462928579922774e+00
-5.110000000000000000e+02 4.654375158426033998e+00
-5.100000000000000000e+02 4.412789674093354542e+00
-5.090000000000000000e+02 4.035036248074756138e+00
-5.080000000000000000e+02 4.302568409355933099e+00
-5.070000000000000000e+02 5.121316596929275988e+00
-5.060000000000000000e+02 4.739340796484913909e+00
-5.050000000000000000e+02 4.779627487478343539e+00
-5.040000000000000000e+02 4.731738665907856856e+00
-5.030000000000000000e+02 4.185171419577813801e+00
-5.020000000000000000e+02 4.007042785480701141e+00
-5.010000000000000000e+02 5.741130507749839573e+00
-5.000000000000000000e+02 4.562559248096163422e+00
-4.990000000000000000e+02 4.142329212954209083e+00
-4.980000000000000000e+02 4.620851235422500203e+00
-4.970000000000000000e+02 4.089061324753664906e+00
-4.960000000000000000e+02 3.807007351705351095e+00
-4.950000000000000000e+02 5.172930339410418910e+00
-4.940000000000000000e+02 4.915782322734391308e+00
-4.930000000000000000e+02 4.214210689502342788e+00
-4.920000000000000000e+02 4.190206252294753853e+00
-4.910000000000000000e+02 4.288740781091021859e+00
-4.900000000000000000e+02 4.822776538844651739e+00
-4.890000000000000000e+02 4.700381840967146729e+00
-4.880000000000000000e+02 4.471420696481536616e+00
-4.870000000000000000e+02 4.177661180999237445e+00
-4.860000000000000000e+02 4.567895038849138167e+00
-4.850000000000000000e+02 5.007891982401208253e+00
-4.840000000000000000e+02 4.711047986801579768e+00
-4.830000000000000000e+02 4.365853905039323912e+00
-4.820000000000000000e+02 4.766448742582690912e+00
-4.810000000000000000e+02 4.535713105238865950e+00
-4.800000000000000000e+02 3.842370143956104211e+00
-4.790000000000000000e+02 4.969273870569416829e+00
-4.780000000000000000e+02 5.532917393089658908e+00
-4.770000000000000000e+02 4.544122738406594308e+00
-4.760000000000000000e+02 4.504135875116521248e+00
-4.750000000000000000e+02 4.546076157334537626e+00
-4.740000000000000000e+02 4.245817086745991453e+00
-4.730000000000000000e+02 4.433448513291194715e+00
-4.720000000000000000e+02 4.963230277003083835e+00
-4.710000000000000000e+02 4.601588056361347157e+00
-4.700000000000000000e+02 4.451997056991213064e+00
-4.690000000000000000e+02 4.829315295399340791e+00
-4.680000000000000000e+02 4.083168876242832646e+00
-4.670000000000000000e+02 4.661832226370269616e+00
-4.660000000000000000e+02 4.121195434614165265e+00
-4.650000000000000000e+02 5.471830087036157586e+00
-4.640000000000000000e+02 4.864693609263875729e+00
-4.630000000000000000e+02 4.974217686481283707e+00
-4.620000000000000000e+02 4.746162062426855677e+00
-4.610000000000000000e+02 4.866248085398909851e+00
-4.600000000000000000e+02 4.942678995317597135e+00
-4.590000000000000000e+02 4.240942095768268416e+00
-4.580000000000000000e+02 4.131336160402155677e+00
-4.570000000000000000e+02 4.482939840112763363e+00
-4.560000000000000000e+02 4.566567682348480872e+00
-4.550000000000000000e+02 4.275798247388800988e+00
-4.540000000000000000e+02 5.009644233168510929e+00
-4.530000000000000000e+02 3.882343627005117259e+00
-4.520000000000000000e+02 4.522556991924621350e+00
-4.510000000000000000e+02 4.350635494110054680e+00
-4.500000000000000000e+02 4.403331195145799626e+00
-4.490000000000000000e+02 4.394518806048535176e+00
-4.480000000000000000e+02 4.297478673607876942e+00
-4.470000000000000000e+02 4.824039955912933664e+00
-4.460000000000000000e+02 4.227488568369802024e+00
-4.450000000000000000e+02 4.347731590083372843e+00
-4.440000000000000000e+02 4.919786323607884704e+00
-4.430000000000000000e+02 5.243129194095347501e+00
-4.420000000000000000e+02 4.906893356402930451e+00
-4.410000000000000000e+02 4.733556918176240025e+00
-4.400000000000000000e+02 4.864258476783946961e+00
-4.390000000000000000e+02 4.012688710408791160e+00
-4.380000000000000000e+02 4.901733409188820723e+00
-4.370000000000000000e+02 4.767445148542926781e+00
-4.360000000000000000e+02 4.362378229512170691e+00
-4.350000000000000000e+02 4.223186802974747245e+00
-4.340000000000000000e+02 5.383354943616883048e+00
-4.330000000000000000e+02 4.663304108284935801e+00
-4.320000000000000000e+02 4.239456471881739574e+00
-4.310000000000000000e+02 4.591025023878319011e+00
-4.300000000000000000e+02 3.779936951053827876e+00
-4.290000000000000000e+02 4.667021594469644263e+00
-4.280000000000000000e+02 4.374712846962757418e+00
-4.270000000000000000e+02 3.928482722754610190e+00
-4.260000000000000000e+02 4.639081591082247158e+00
-4.250000000000000000e+02 4.780646482241635908e+00
-4.240000000000000000e+02 5.235753196647179308e+00
-4.230000000000000000e+02 5.423663297581283516e+00
-4.220000000000000000e+02 4.953934617583351852e+00
-4.210000000000000000e+02 4.893259483182728964e+00
-4.200000000000000000e+02 4.545555116703368981e+00
-4.190000000000000000e+02 4.654936230070242154e+00
-4.180000000000000000e+02 4.262991048535305971e+00
-4.170000000000000000e+02 4.484672235693238029e+00
-4.160000000000000000e+02 4.193601318931368560e+00
-4.150000000000000000e+02 4.122662261419374197e+00
-4.140000000000000000e+02 5.263267199408645958e+00
-4.130000000000000000e+02 4.600028341514091679e+00
-4.120000000000000000e+02 4.381815612639255342e+00
-4.110000000000000000e+02 3.739221865935030031e+00
-4.100000000000000000e+02 4.490961726098358753e+00
-4.090000000000000000e+02 4.157598859377879208e+00
-4.080000000000000000e+02 4.243420585875604445e+00
-4.070000000000000000e+02 5.340350389435410960e+00
-4.060000000000000000e+02 5.499784670940151443e+00
-4.050000000000000000e+02 4.842905135511273329e+00
-4.040000000000000000e+02 4.911672152153387927e+00
-4.030000000000000000e+02 3.356674304237588391e+00
-4.020000000000000000e+02 5.142300610528817373e+00
-4.010000000000000000e+02 5.298474213292410084e+00
-4.000000000000000000e+02 4.786805790320376452e+00
-3.990000000000000000e+02 4.947653839848674906e+00
-3.980000000000000000e+02 4.934560522190713172e+00
-3.970000000000000000e+02 3.878040955715587490e+00
-3.960000000000000000e+02 4.771476327481154023e+00
-3.950000000000000000e+02 5.051243291876908792e+00
-3.940000000000000000e+02 4.161762938469868445e+00
-3.930000000000000000e+02 5.190243117459809596e+00
-3.920000000000000000e+02 4.831483421209807005e+00
-3.910000000000000000e+02 4.401089250265277641e+00
-3.900000000000000000e+02 5.489677672829686550e+00
-3.890000000000000000e+02 5.497322214366273663e+00
-3.880000000000000000e+02 5.374966629261865414e+00
-3.870000000000000000e+02 5.232597314178770276e+00
-3.860000000000000000e+02 4.724181685009975595e+00
-3.850000000000000000e+02 4.148451478712873453e+00
-3.840000000000000000e+02 4.743405819089096198e+00
-3.830000000000000000e+02 5.160798131314283665e+00
-3.820000000000000000e+02 4.833912610164757595e+00
-3.810000000000000000e+02 4.990309070461433905e+00
-3.800000000000000000e+02 4.717849982103929030e+00
-3.790000000000000000e+02 5.152532947555485521e+00
-3.780000000000000000e+02 5.055895499923727776e+00
-3.770000000000000000e+02 5.347355820781931612e+00
-3.760000000000000000e+02 4.590508353976512801e+00
-3.750000000000000000e+02 5.221949790621481569e+00
-3.740000000000000000e+02 5.476951895701236417e+00
-3.730000000000000000e+02 5.202906567648588165e+00
-3.720000000000000000e+02 4.444684508130958278e+00
-3.710000000000000000e+02 5.409002893449802229e+00
-3.700000000000000000e+02 4.576550009626511262e+00
-3.690000000000000000e+02 4.312080803062218415e+00
-3.680000000000000000e+02 3.946502093232004071e+00
-3.670000000000000000e+02 5.702951435473978314e+00
-3.660000000000000000e+02 5.053508483162413079e+00
-3.650000000000000000e+02 5.776252401796646119e+00
-3.640000000000000000e+02 4.629633866348291882e+00
-3.630000000000000000e+02 4.988508518425521565e+00
-3.620000000000000000e+02 4.757712067072687567e+00
-3.610000000000000000e+02 5.252674819602109579e+00
-3.600000000000000000e+02 5.229391755069730863e+00
-3.590000000000000000e+02 5.037098933416635838e+00
-3.580000000000000000e+02 5.176422038731613107e+00
-3.570000000000000000e+02 5.507549400381699378e+00
-3.560000000000000000e+02 4.737679201569833687e+00
-3.550000000000000000e+02 4.492302191563529945e+00
-3.540000000000000000e+02 4.475203688632601207e+00
-3.530000000000000000e+02 5.585584377081740826e+00
-3.520000000000000000e+02 5.446003038237178018e+00
-3.510000000000000000e+02 4.923451108446790236e+00
-3.500000000000000000e+02 4.233041181711889145e+00
-3.490000000000000000e+02 4.782977821438664456e+00
-3.480000000000000000e+02 4.330877745928527034e+00
-3.470000000000000000e+02 4.942012772758666905e+00
-3.460000000000000000e+02 4.522132931262651923e+00
-3.450000000000000000e+02 5.144817010012141978e+00
-3.440000000000000000e+02 5.181442122183038457e+00
-3.430000000000000000e+02 4.235718008448442262e+00
-3.420000000000000000e+02 4.827317112639075702e+00
-3.410000000000000000e+02 4.936036813064606399e+00
-3.400000000000000000e+02 5.182242290359165615e+00
-3.390000000000000000e+02 5.010508174592248842e+00
-3.380000000000000000e+02 4.629277038836423053e+00
-3.370000000000000000e+02 4.912931917488234212e+00
-3.360000000000000000e+02 5.456170687618268289e+00
-3.350000000000000000e+02 5.072707939665329846e+00
-3.340000000000000000e+02 5.422791455159976515e+00
-3.330000000000000000e+02 5.413191461381700265e+00
-3.320000000000000000e+02 4.284576916312227368e+00
-3.310000000000000000e+02 5.131856916090858256e+00
-3.300000000000000000e+02 4.710688075501261451e+00
-3.290000000000000000e+02 5.436471679795475076e+00
-3.280000000000000000e+02 4.864364727669452826e+00
-3.270000000000000000e+02 4.630600109816786158e+00
-3.260000000000000000e+02 5.789952063454147257e+00
-3.250000000000000000e+02 5.260795399238721970e+00
-3.240000000000000000e+02 5.357051566930414843e+00
-3.230000000000000000e+02 5.249976466426809374e+00
-3.220000000000000000e+02 5.361220761019022341e+00
-3.210000000000000000e+02 4.989876716789461319e+00
-3.200000000000000000e+02 4.122043677728420619e+00
-3.190000000000000000e+02 5.718072932080169757e+00
-3.180000000000000000e+02 4.201392046788964052e+00
-3.170000000000000000e+02 5.025488945184375389e+00
-3.160000000000000000e+02 4.702389392052477746e+00
-3.150000000000000000e+02 5.418980692004024213e+00
-3.140000000000000000e+02 4.583243487160406637e+00
-3.130000000000000000e+02 5.224437196032270414e+00
-3.120000000000000000e+02 4.969995964468613359e+00
-3.110000000000000000e+02 4.146066097587657318e+00
-3.100000000000000000e+02 5.013050155806659802e+00
-3.090000000000000000e+02 4.383922439257935899e+00
-3.080000000000000000e+02 4.846081206619944126e+00
-3.070000000000000000e+02 4.250550799063057994e+00
-3.060000000000000000e+02 5.203376879894571871e+00
-3.050000000000000000e+02 4.787864983093744087e+00
-3.040000000000000000e+02 4.460147482711105837e+00
-3.030000000000000000e+02 4.776214027309022114e+00
-3.020000000000000000e+02 4.968702330934459788e+00
-3.010000000000000000e+02 4.101687712359971982e+00
-3.000000000000000000e+02 4.266416829941699795e+00
-2.990000000000000000e+02 5.036526400848904572e+00
-2.980000000000000000e+02 4.459694161971877513e+00
-2.970000000000000000e+02 5.651788156418252385e+00
-2.960000000000000000e+02 4.499619652408856751e+00
-2.950000000000000000e+02 5.334383323515795361e+00
-2.940000000000000000e+02 4.744342621480845068e+00
-2.930000000000000000e+02 4.336575334973136187e+00
-2.920000000000000000e+02 5.378797261790307260e+00
-2.910000000000000000e+02 4.553372069790182053e+00
-2.900000000000000000e+02 4.656063689803013439e+00
-2.890000000000000000e+02 4.283442372861713920e+00
-2.880000000000000000e+02 4.466451244123756048e+00
-2.870000000000000000e+02 4.359177385456498577e+00
-2.860000000000000000e+02 3.961854862452016679e+00
-2.850000000000000000e+02 4.551229648820371843e+00
-2.840000000000000000e+02 4.642967400845613213e+00
-2.830000000000000000e+02 3.661460765677475138e+00
-2.820000000000000000e+02 5.351793761040639197e+00
-2.810000000000000000e+02 5.052300692164801710e+00
-2.800000000000000000e+02 5.051310026488093463e+00
-2.790000000000000000e+02 4.024758959599909147e+00
-2.780000000000000000e+02 4.825231530995931273e+00
-2.770000000000000000e+02 4.599272256107272305e+00
-2.760000000000000000e+02 4.178118417992028988e+00
-2.750000000000000000e+02 5.153366431827811844e+00
-2.740000000000000000e+02 4.008291577898926761e+00
-2.730000000000000000e+02 4.059951323433930170e+00
-2.720000000000000000e+02 4.820296451528382597e+00
-2.710000000000000000e+02 4.441340200407075223e+00
-2.700000000000000000e+02 4.386858680348240114e+00
-2.690000000000000000e+02 4.586086279522358033e+00
-2.680000000000000000e+02 3.997140159561157091e+00
-2.670000000000000000e+02 4.086649908403012788e+00
-2.660000000000000000e+02 4.022053772245632430e+00
-2.650000000000000000e+02 4.259147111739680192e+00
-2.640000000000000000e+02 4.145988117163973641e+00
-2.630000000000000000e+02 3.819759654279125005e+00
-2.620000000000000000e+02 4.121135956113181287e+00
-2.610000000000000000e+02 4.243472035091463646e+00
-2.600000000000000000e+02 4.373405163171142362e+00
-2.590000000000000000e+02 3.895668632709004875e+00
-2.580000000000000000e+02 5.032793814281228961e+00
-2.570000000000000000e+02 4.345048671220267167e+00
-2.560000000000000000e+02 3.571563471864824368e+00
-2.550000000000000000e+02 3.811683688651326563e+00
-2.540000000000000000e+02 3.981392574145977026e+00
-2.530000000000000000e+02 4.651016580954038027e+00
-2.520000000000000000e+02 3.507085839245963843e+00
-2.510000000000000000e+02 3.820211431265169821e+00
-2.500000000000000000e+02 3.982090599774806616e+00
-2.490000000000000000e+02 3.900598173073447583e+00
-2.480000000000000000e+02 3.584205160408881596e+00
-2.470000000000000000e+02 3.387423336982032573e+00
-2.460000000000000000e+02 3.621215049862286595e+00
-2.450000000000000000e+02 3.622335303385737948e+00
-2.440000000000000000e+02 3.269533852239635774e+00
-2.430000000000000000e+02 4.066575805874208527e+00
-2.420000000000000000e+02 3.875569492956601358e+00
-2.410000000000000000e+02 3.684018431930726312e+00
-2.400000000000000000e+02 3.518392526812873733e+00
-2.390000000000000000e+02 3.485834686292365259e+00
-2.380000000000000000e+02 3.250503050783044579e+00
-2.370000000000000000e+02 3.613177920444250013e+00
-2.360000000000000000e+02 3.254199537320756619e+00
-2.350000000000000000e+02 4.182590025458917893e+00
-2.340000000000000000e+02 3.306757234518741928e+00
-2.330000000000000000e+02 3.611095281314099736e+00
-2.320000000000000000e+02 3.584848475228644915e+00
-2.310000000000000000e+02 3.236100007495386066e+00
-2.300000000000000000e+02 3.204400090373451082e+00
-2.290000000000000000e+02 3.337702339575244981e+00
-2.280000000000000000e+02 3.583031330169240025e+00
-2.270000000000000000e+02 3.724418384117785585e+00
-2.260000000000000000e+02 3.968322033535186755e+00
-2.250000000000000000e+02 3.132892437018296228e+00
-2.240000000000000000e+02 3.521504863072716152e+00
-2.230000000000000000e+02 3.672805313547650385e+00
-2.220000000000000000e+02 3.317380095466972101e+00
-2.210000000000000000e+02 3.420234614935285578e+00
-2.200000000000000000e+02 2.880611058437604122e+00
-2.190000000000000000e+02 3.419734533235809781e+00
-2.180000000000000000e+02 3.218267384061531899e+00
-2.170000000000000000e+02 3.171860833083143927e+00
-2.160000000000000000e+02 2.809078392182194239e+00
-2.150000000000000000e+02 2.821727022502186433e+00
-2.140000000000000000e+02 2.900903690417722114e+00
-2.130000000000000000e+02 3.142873885600654837e+00
-2.120000000000000000e+02 3.114314296471227372e+00
-2.110000000000000000e+02 3.416740980674390027e+00
-2.100000000000000000e+02 2.633188790088080378e+00
-2.090000000000000000e+02 3.078440602824256356e+00
-2.080000000000000000e+02 3.401795136459278446e+00
-2.070000000000000000e+02 3.260835125432294479e+00
-2.060000000000000000e+02 2.870532929115070520e+00
-2.050000000000000000e+02 2.578098677017815366e+00
-2.040000000000000000e+02 3.150630830125894732e+00
-2.030000000000000000e+02 3.485140648946467579e+00
-2.020000000000000000e+02 3.147135349687666839e+00
-2.010000000000000000e+02 2.970457850950811718e+00
-2.000000000000000000e+02 3.110517048690441211e+00
-1.990000000000000000e+02 3.244642382604968844e+00
-1.980000000000000000e+02 3.244230367828648820e+00
-1.970000000000000000e+02 3.174608361758605835e+00
-1.960000000000000000e+02 3.150433651294628490e+00
-1.950000000000000000e+02 3.202551649719232341e+00
-1.940000000000000000e+02 2.953444014246969562e+00
-1.930000000000000000e+02 3.589330094512165559e+00
-1.920000000000000000e+02 3.229177023635227961e+00
-1.910000000000000000e+02 2.839808933839404137e+00
-1.900000000000000000e+02 2.454119080001960995e+00
-1.890000000000000000e+02 2.575319664138743025e+00
-1.880000000000000000e+02 2.635865988804461768e+00
-1.870000000000000000e+02 2.933311522023746232e+00
-1.860000000000000000e+02 2.932241840869845628e+00
-1.850000000000000000e+02 3.026345593268259471e+00
-1.840000000000000000e+02 3.460617742043098133e+00
-1.830000000000000000e+02 3.039652566150971236e+00
-1.820000000000000000e+02 2.659407867251680990e+00
-1.810000000000000000e+02 2.640667360796205454e+00
-1.800000000000000000e+02 2.820187350145230365e+00
-1.790000000000000000e+02 2.901219270439541198e+00
-1.780000000000000000e+02 2.756037902651513605e+00
-1.770000000000000000e+02 3.149340018961301002e+00
-1.760000000000000000e+02 2.929464782736510120e+00
-1.750000000000000000e+02 2.812987689354869758e+00
-1.740000000000000000e+02 2.508101666759586124e+00
-1.730000000000000000e+02 2.528326615678134548e+00
-1.720000000000000000e+02 2.476737159080257822e+00
-1.710000000000000000e+02 2.252748974957460071e+00
-1.700000000000000000e+02 2.524985886662518109e+00
-1.690000000000000000e+02 2.359941257086195954e+00
-1.680000000000000000e+02 3.044753118405454817e+00
-1.670000000000000000e+02 3.118444348373650588e+00
-1.660000000000000000e+02 2.880270608069667837e+00
-1.650000000000000000e+02 3.336822018752639174e+00
-1.640000000000000000e+02 2.149304313610079120e+00
-1.630000000000000000e+02 2.864370483532865386e+00
-1.620000000000000000e+02 2.499870403258798834e+00
-1.610000000000000000e+02 2.477924692718728839e+00
-1.600000000000000000e+02 3.152776836465108090e+00
-1.590000000000000000e+02 2.399684295211336860e+00
-1.580000000000000000e+02 2.388648968027830222e+00
-1.570000000000000000e+02 2.492424485133537981e+00
-1.560000000000000000e+02 2.657907910058615375e+00
-1.550000000000000000e+02 3.098242710583806403e+00
-1.540000000000000000e+02 2.892133411928283770e+00
-1.530000000000000000e+02 3.100435997145266409e+00
-1.520000000000000000e+02 3.082307226206072226e+00
-1.510000000000000000e+02 2.759222679647303167e+00
-1.500000000000000000e+02 2.959634961623336391e+00
