-8.510000000000000000e+02 2.580399256256917795e+00
-8.500000000000000000e+02 2.584268514290233298e+00
-8.490000000000000000e+02 2.588232524201373508e+00
-8.480000000000000000e+02 2.592269525990153589e+00
-8.470000000000000000e+02 2.596422530606142587e+00
-8.460000000000000000e+02 2.600652592420976905e+00
-8.450000000000000000e+02 2.604984779278035845e+00
-8.440000000000000000e+02 2.609397074159440333e+00
-8.430000000000000000e+02 2.613918833312813828e+00
-8.420000000000000000e+02 2.618560310621840248e+00
-8.410000000000000000e+02 2.623290993614867617e+00
-8.400000000000000000e+02 2.628149165347127170e+00
-8.390000000000000000e+02 2.633097032952213201e+00
-8.380000000000000000e+02 2.638177163718153473e+00
-8.370000000000000000e+02 2.643373390315247207e+00
-8.360000000000000000e+02 2.648683539726503611e+00
-8.350000000000000000e+02 2.654133377724845033e+00
-8.340000000000000000e+02 2.659702351580360613e+00
-8.330000000000000000e+02 2.665397364432875449e+00
-8.320000000000000000e+02 2.671237996160133132e+00
-8.310000000000000000e+02 2.677219638280495140e+00
-8.300000000000000000e+02 2.683353035241697881e+00
-8.290000000000000000e+02 2.689609460634716953e+00
-8.280000000000000000e+02 2.696026845353396872e+00
-8.270000000000000000e+02 2.702593796110812630e+00
-8.260000000000000000e+02 2.709333297543997876e+00
-8.250000000000000000e+02 2.716225742066328053e+00
-8.240000000000000000e+02 2.723281747538869091e+00
-8.230000000000000000e+02 2.730488107025665023e+00
-8.220000000000000000e+02 2.737868788542342724e+00
-8.210000000000000000e+02 2.745436956342341972e+00
-8.200000000000000000e+02 2.753184487551301629e+00
-8.190000000000000000e+02 2.761085887066622391e+00
-8.180000000000000000e+02 2.769186078198941470e+00
-8.170000000000000000e+02 2.777463162032006050e+00
-8.160000000000000000e+02 2.785923915368125670e+00
-8.150000000000000000e+02 2.794592345889677532e+00
-8.140000000000000000e+02 2.803435610390736965e+00
-8.130000000000000000e+02 2.812489569833126257e+00
-8.120000000000000000e+02 2.821739190301151279e+00
-8.110000000000000000e+02 2.831183910818725558e+00
-8.100000000000000000e+02 2.840854722019857892e+00
-8.090000000000000000e+02 2.850723299001248989e+00
-8.080000000000000000e+02 2.860809189582643075e+00
-8.070000000000000000e+02 2.871106738270834402e+00
-8.060000000000000000e+02 2.881599062501821074e+00
-8.050000000000000000e+02 2.892315752608032753e+00
-8.040000000000000000e+02 2.903254322668286314e+00
-8.030000000000000000e+02 2.914404194735834341e+00
-8.020000000000000000e+02 2.925765986183907152e+00
-8.010000000000000000e+02 2.937358284782640272e+00
-8.000000000000000000e+02 2.949176501773411729e+00
-7.990000000000000000e+02 2.961215377805396898e+00
-7.980000000000000000e+02 2.973480287801139266e+00
-7.970000000000000000e+02 2.985971471843140712e+00
-7.960000000000000000e+02 2.998687828221458407e+00
-7.950000000000000000e+02 3.011613335801673230e+00
-7.940000000000000000e+02 3.024775830067349958e+00
-7.930000000000000000e+02 3.038181949090175582e+00
-7.920000000000000000e+02 3.051815331312348611e+00
-7.910000000000000000e+02 3.065649324135881759e+00
-7.900000000000000000e+02 3.079717578695044811e+00
-7.890000000000000000e+02 3.094009538303724050e+00
-7.880000000000000000e+02 3.108519301212059105e+00
-7.870000000000000000e+02 3.123242894995517993e+00
-7.860000000000000000e+02 3.138201535043271040e+00
-7.850000000000000000e+02 3.153367061893802337e+00
-7.840000000000000000e+02 3.168746241137970099e+00
-7.830000000000000000e+02 3.184335876288401757e+00
-7.820000000000000000e+02 3.200139690541380588e+00
-7.810000000000000000e+02 3.216143946094019324e+00
-7.800000000000000000e+02 3.232355796985266760e+00
-7.790000000000000000e+02 3.248766348835821383e+00
-7.780000000000000000e+02 3.265375501735100272e+00
-7.770000000000000000e+02 3.282186620578455116e+00
-7.760000000000000000e+02 3.299162838904839745e+00
-7.750000000000000000e+02 3.316343460539166177e+00
-7.740000000000000000e+02 3.333704159025419056e+00
-7.730000000000000000e+02 3.351228516129879154e+00
-7.720000000000000000e+02 3.368924757619303545e+00
-7.710000000000000000e+02 3.386784859644240253e+00
-7.700000000000000000e+02 3.404804701814923451e+00
-7.690000000000000000e+02 3.422948525767383732e+00
-7.680000000000000000e+02 3.441258550339717726e+00
-7.670000000000000000e+02 3.459720140436228331e+00
-7.660000000000000000e+02 3.478314948215587066e+00
-7.650000000000000000e+02 3.497034064233622175e+00
-7.640000000000000000e+02 3.515868838129361240e+00
-7.630000000000000000e+02 3.534818017602018525e+00
-7.620000000000000000e+02 3.553890979133324635e+00
-7.610000000000000000e+02 3.573053284130002893e+00
-7.600000000000000000e+02 3.592302235279491107e+00
-7.590000000000000000e+02 3.611627820144295509e+00
-7.580000000000000000e+02 3.631022920968502543e+00
-7.570000000000000000e+02 3.650499155175071841e+00
-7.560000000000000000e+02 3.670014997744803775e+00
-7.550000000000000000e+02 3.689591329537353914e+00
-7.540000000000000000e+02 3.709210787768539408e+00
-7.530000000000000000e+02 3.728847194443354329e+00
-7.520000000000000000e+02 3.748530740539311346e+00
-7.510000000000000000e+02 3.768209573657716138e+00
-7.500000000000000000e+02 3.787893447437944427e+00
-7.490000000000000000e+02 3.807589615360895241e+00
-7.480000000000000000e+02 3.827248755831648808e+00
-7.470000000000000000e+02 3.846901022047710228e+00
-7.460000000000000000e+02 3.866528297562899397e+00
-7.450000000000000000e+02 3.886114298788562849e+00
-7.440000000000000000e+02 3.905638158220070544e+00
-7.430000000000000000e+02 3.925103221508442708e+00
-7.420000000000000000e+02 3.944515831225181568e+00
-7.410000000000000000e+02 3.963821668912242746e+00
-7.400000000000000000e+02 3.983061875737360591e+00
-7.390000000000000000e+02 4.002187859573471229e+00
-7.380000000000000000e+02 4.021201897770212419e+00
-7.370000000000000000e+02 4.040107132611970187e+00
-7.360000000000000000e+02 4.058911919139238655e+00
-7.350000000000000000e+02 4.077548680768404488e+00
-7.340000000000000000e+02 4.096049077241519676e+00
-7.330000000000000000e+02 4.114404988978414224e+00
-7.320000000000000000e+02 4.132607221974296863e+00
-7.310000000000000000e+02 4.150622425766676393e+00
-7.300000000000000000e+02 4.168474651730673664e+00
-7.290000000000000000e+02 4.186134167864439704e+00
-7.280000000000000000e+02 4.203610844163076621e+00
-7.270000000000000000e+02 4.220874049033320752e+00
-7.260000000000000000e+02 4.237931927836040558e+00
-7.250000000000000000e+02 4.254763986643609996e+00
-7.240000000000000000e+02 4.271360349912630028e+00
-7.230000000000000000e+02 4.287747976989891185e+00
-7.220000000000000000e+02 4.303886956555956544e+00
-7.210000000000000000e+02 4.319780824545850884e+00
-7.200000000000000000e+02 4.335412765249614608e+00
-7.190000000000000000e+02 4.350772100103399431e+00
-7.180000000000000000e+02 4.365894817301967379e+00
-7.170000000000000000e+02 4.380762030144010666e+00
-7.160000000000000000e+02 4.395340210655056978e+00
-7.150000000000000000e+02 4.409634338498117145e+00
-7.140000000000000000e+02 4.423636720408121725e+00
-7.130000000000000000e+02 4.437352268201485650e+00
-7.120000000000000000e+02 4.450778470225052352e+00
-7.110000000000000000e+02 4.463898955426478743e+00
-7.100000000000000000e+02 4.476721305206138091e+00
-7.090000000000000000e+02 4.489234148051063578e+00
-7.080000000000000000e+02 4.501451918183915879e+00
-7.070000000000000000e+02 4.513363577734770260e+00
-7.060000000000000000e+02 4.524941653688718368e+00
-7.050000000000000000e+02 4.536214150658086197e+00
-7.040000000000000000e+02 4.547159893378373674e+00
-7.030000000000000000e+02 4.557793941060280574e+00
-7.020000000000000000e+02 4.568110328915312657e+00
-7.010000000000000000e+02 4.578099551899127206e+00
-7.000000000000000000e+02 4.587773968730754603e+00
-6.990000000000000000e+02 4.597115046668830196e+00
-6.980000000000000000e+02 4.606150123024713494e+00
-6.970000000000000000e+02 4.614863860448041422e+00
-6.960000000000000000e+02 4.623245382179689500e+00
-6.950000000000000000e+02 4.631320859460492656e+00
-6.940000000000000000e+02 4.639077056114451203e+00
-6.930000000000000000e+02 4.646509763778891688e+00
-6.920000000000000000e+02 4.653629738623026313e+00
-6.910000000000000000e+02 4.660440204200818393e+00
-6.900000000000000000e+02 4.666934680466013674e+00
-6.890000000000000000e+02 4.673126406079505912e+00
-6.880000000000000000e+02 4.679006326417395556e+00
-6.870000000000000000e+02 4.684584416458422496e+00
-6.860000000000000000e+02 4.689858233067831783e+00
-6.850000000000000000e+02 4.694854025158610611e+00
-6.840000000000000000e+02 4.699552973239612186e+00
-6.830000000000000000e+02 4.703949439954067557e+00
-6.820000000000000000e+02 4.708091016706096532e+00
-6.810000000000000000e+02 4.711935717056094042e+00
-6.800000000000000000e+02 4.715504789299404642e+00
-6.790000000000000000e+02 4.718808303936318893e+00
-6.780000000000000000e+02 4.721845436640972338e+00
-6.770000000000000000e+02 4.724627655214256983e+00
-6.760000000000000000e+02 4.727149805477298017e+00
-6.750000000000000000e+02 4.729428893191303551e+00
-6.740000000000000000e+02 4.731453927381915392e+00
-6.730000000000000000e+02 4.733224290727758188e+00
-6.720000000000000000e+02 4.734797740113071640e+00
-6.710000000000000000e+02 4.736131666473385238e+00
-6.700000000000000000e+02 4.737243391029393180e+00
-6.690000000000000000e+02 4.738142351290149712e+00
-6.680000000000000000e+02 4.738833586121826258e+00
-6.670000000000000000e+02 4.739328375790956116e+00
-6.660000000000000000e+02 4.739624958240499453e+00
-6.650000000000000000e+02 4.739731651168288984e+00
-6.640000000000000000e+02 4.739653864491797819e+00
-6.630000000000000000e+02 4.739384569607636877e+00
-6.620000000000000000e+02 4.738958922822673614e+00
-6.610000000000000000e+02 4.738366541173714808e+00
-6.600000000000000000e+02 4.737608234952872088e+00
-6.590000000000000000e+02 4.736699349558847416e+00
-6.580000000000000000e+02 4.735638625339965380e+00
-6.570000000000000000e+02 4.734434139344983805e+00
-6.560000000000000000e+02 4.733102858047956829e+00
-6.550000000000000000e+02 4.731660738661767063e+00
-6.540000000000000000e+02 4.730086438097073298e+00
-6.530000000000000000e+02 4.728394326563743810e+00
-6.520000000000000000e+02 4.726594606825313072e+00
-6.510000000000000000e+02 4.724689179488984259e+00
-6.500000000000000000e+02 4.722707205099269778e+00
-6.490000000000000000e+02 4.720608646121935870e+00
-6.480000000000000000e+02 4.718427865979604618e+00
-6.470000000000000000e+02 4.716165506372062666e+00
-6.460000000000000000e+02 4.713818753378546056e+00
-6.450000000000000000e+02 4.711420695082757959e+00
-6.440000000000000000e+02 4.708936180202661248e+00
-6.430000000000000000e+02 4.706401394456755760e+00
-6.420000000000000000e+02 4.703829600652123410e+00
-6.410000000000000000e+02 4.701188514419053277e+00
-6.400000000000000000e+02 4.698515279804890810e+00
-6.390000000000000000e+02 4.695794098399418637e+00
-6.380000000000000000e+02 4.693037442955191096e+00
-6.370000000000000000e+02 4.690247453524623467e+00
-6.360000000000000000e+02 4.687446563593699267e+00
-6.350000000000000000e+02 4.684631912003765386e+00
-6.340000000000000000e+02 4.681782595964496529e+00
-6.330000000000000000e+02 4.678912400073429012e+00
-6.320000000000000000e+02 4.676034829320277808e+00
-6.310000000000000000e+02 4.673149636239402049e+00
-6.300000000000000000e+02 4.670246022712564837e+00
-6.290000000000000000e+02 4.667379814069906097e+00
-6.280000000000000000e+02 4.664490221982932283e+00
-6.270000000000000000e+02 4.661611235189986324e+00
-6.260000000000000000e+02 4.658755464303771632e+00
-6.250000000000000000e+02 4.655909999042870950e+00
-6.240000000000000000e+02 4.653062279310696603e+00
-6.230000000000000000e+02 4.650244600411657991e+00
-6.220000000000000000e+02 4.647467616062665563e+00
-6.210000000000000000e+02 4.644676683781311155e+00
-6.200000000000000000e+02 4.641939390344755445e+00
-6.190000000000000000e+02 4.639218650354104412e+00
-6.180000000000000000e+02 4.636519882121874936e+00
-6.170000000000000000e+02 4.633862182031596610e+00
-6.160000000000000000e+02 4.631231928570459289e+00
-6.150000000000000000e+02 4.628640777125749395e+00
-6.140000000000000000e+02 4.626081678902659533e+00
-6.130000000000000000e+02 4.623558662731916513e+00
-6.120000000000000000e+02 4.621055891110423808e+00
-6.110000000000000000e+02 4.618622209841014126e+00
-6.100000000000000000e+02 4.616226410210068742e+00
-6.090000000000000000e+02 4.613866690926472280e+00
-6.080000000000000000e+02 4.611542373533482397e+00
-6.070000000000000000e+02 4.609272071941102666e+00
-6.060000000000000000e+02 4.607044147441300197e+00
-6.050000000000000000e+02 4.604867660667846252e+00
-6.040000000000000000e+02 4.602750077663489314e+00
-6.030000000000000000e+02 4.600658037817722423e+00
-6.020000000000000000e+02 4.598608492807526815e+00
-6.010000000000000000e+02 4.596611926799092807e+00
-6.000000000000000000e+02 4.594652456739869884e+00
-5.990000000000000000e+02 4.592750945570253762e+00
-5.980000000000000000e+02 4.590895843836645618e+00
-5.970000000000000000e+02 4.589077794403971566e+00
-5.960000000000000000e+02 4.587318475463593614e+00
-5.950000000000000000e+02 4.585602014801138715e+00
-5.940000000000000000e+02 4.583923930510764855e+00
-5.930000000000000000e+02 4.582301281048979824e+00
-5.920000000000000000e+02 4.580718419100185734e+00
-5.910000000000000000e+02 4.579202631645524768e+00
-5.900000000000000000e+02 4.577722236917870724e+00
-5.890000000000000000e+02 4.576293338689719548e+00
-5.880000000000000000e+02 4.574888983682713572e+00
-5.870000000000000000e+02 4.573554917927300956e+00
-5.860000000000000000e+02 4.572224395074782066e+00
-5.850000000000000000e+02 4.570970165138731112e+00
-5.840000000000000000e+02 4.569725607477317375e+00
-5.830000000000000000e+02 4.568551938771679310e+00
-5.820000000000000000e+02 4.567400832871848060e+00
-5.810000000000000000e+02 4.566297987506406031e+00
-5.800000000000000000e+02 4.565201447087490649e+00
-5.790000000000000000e+02 4.564178726293728339e+00
-5.780000000000000000e+02 4.563176996586263634e+00
-5.770000000000000000e+02 4.562208247988555065e+00
-5.760000000000000000e+02 4.561270785640384240e+00
-5.750000000000000000e+02 4.560365683742531928e+00
-5.740000000000000000e+02 4.559444532280087614e+00
-5.730000000000000000e+02 4.558551122866129290e+00
-5.720000000000000000e+02 4.557653769941564015e+00
-5.710000000000000000e+02 4.556755075838289315e+00
-5.700000000000000000e+02 4.555735280302160461e+00
-5.690000000000000000e+02 4.554850739649875635e+00
-5.680000000000000000e+02 4.554145044803044939e+00
-5.670000000000000000e+02 4.553545807720339234e+00
-5.660000000000000000e+02 4.553025560426553042e+00
-5.650000000000000000e+02 4.552589708471326269e+00
-5.640000000000000000e+02 4.552197709566465633e+00
-5.630000000000000000e+02 4.551853054314975999e+00
-5.620000000000000000e+02 4.551577048246485013e+00
-5.610000000000000000e+02 4.551321222957733781e+00
-5.600000000000000000e+02 4.551118622504813693e+00
-5.590000000000000000e+02 4.550962252744013448e+00
-5.580000000000000000e+02 4.550823840938553744e+00
-5.570000000000000000e+02 4.550718971825777004e+00
-5.560000000000000000e+02 4.550647250079961736e+00
-5.550000000000000000e+02 4.550601908500316206e+00
-5.540000000000000000e+02 4.550590571224465641e+00
-5.530000000000000000e+02 4.550594740361365353e+00
-5.520000000000000000e+02 4.550632267303657663e+00
-5.510000000000000000e+02 4.550695230860339002e+00
-5.500000000000000000e+02 4.550788532671814046e+00
-5.490000000000000000e+02 4.550891400296535494e+00
-5.480000000000000000e+02 4.551016392643031594e+00
-5.470000000000000000e+02 4.551176042152363266e+00
-5.460000000000000000e+02 4.551351302860657810e+00
-5.450000000000000000e+02 4.551544436228704527e+00
-5.440000000000000000e+02 4.551762071252653641e+00
-5.430000000000000000e+02 4.551979381333565833e+00
-5.420000000000000000e+02 4.552218601748876381e+00
-5.410000000000000000e+02 4.552478562831362652e+00
-5.400000000000000000e+02 4.552752214116300600e+00
-5.390000000000000000e+02 4.553038936338730913e+00
-5.380000000000000000e+02 4.553324618979488925e+00
-5.370000000000000000e+02 4.553641350444300073e+00
-5.360000000000000000e+02 4.553966156996873238e+00
-5.350000000000000000e+02 4.554304057146926432e+00
-5.340000000000000000e+02 4.554653064666992712e+00
-5.330000000000000000e+02 4.555019936539788539e+00
-5.320000000000000000e+02 4.555398850390914411e+00
-5.310000000000000000e+02 4.555790805167950097e+00
-5.300000000000000000e+02 4.556193347250494519e+00
-5.290000000000000000e+02 4.556599767811763790e+00
-5.280000000000000000e+02 4.557018049975263274e+00
-5.270000000000000000e+02 4.557445682302021517e+00
-5.260000000000000000e+02 4.557886443163440049e+00
-5.250000000000000000e+02 4.558325433702502316e+00
-5.240000000000000000e+02 4.558781331877951537e+00
-5.230000000000000000e+02 4.559231838827917827e+00
-5.220000000000000000e+02 4.559697942132667769e+00
-5.210000000000000000e+02 4.560175061552501852e+00
-5.200000000000000000e+02 4.560658367369248900e+00
-5.190000000000000000e+02 4.561147418736895887e+00
-5.180000000000000000e+02 4.561649675297711148e+00
-5.170000000000000000e+02 4.562158325564160677e+00
-5.160000000000000000e+02 4.562682452336942696e+00
-5.150000000000000000e+02 4.563209323018216246e+00
-5.140000000000000000e+02 4.563730793634725558e+00
-5.130000000000000000e+02 4.564267959202495284e+00
-5.120000000000000000e+02 4.564807831259360960e+00
-5.110000000000000000e+02 4.565345086316021650e+00
-5.100000000000000000e+02 4.565895214244258149e+00
-5.090000000000000000e+02 4.566445325589826965e+00
-5.080000000000000000e+02 4.566998862282491523e+00
-5.070000000000000000e+02 4.567566256773170963e+00
-5.060000000000000000e+02 4.568141728239682564e+00
-5.050000000000000000e+02 4.568716296341339245e+00
-5.040000000000000000e+02 4.569293829508940696e+00
-5.030000000000000000e+02 4.569885492928332127e+00
-5.020000000000000000e+02 4.570478727975633149e+00
-5.010000000000000000e+02 4.571092073795141708e+00
-5.000000000000000000e+02 4.571699668191660848e+00
-4.990000000000000000e+02 4.572310748847006501e+00
-4.980000000000000000e+02 4.572931670537495386e+00
-4.970000000000000000e+02 4.573549233857820084e+00
-4.960000000000000000e+02 4.574172074499644580e+00
-4.950000000000000000e+02 4.574808422424049503e+00
-4.940000000000000000e+02 4.575436674113197100e+00
-4.930000000000000000e+02 4.576069528848541346e+00
-4.920000000000000000e+02 4.576712351178018778e+00
-4.910000000000000000e+02 4.577361698839234272e+00
-4.900000000000000000e+02 4.578019206322076151e+00
-4.890000000000000000e+02 4.578679631074693113e+00
-4.880000000000000000e+02 4.579354156938276965e+00
-4.870000000000000000e+02 4.580029910906970869e+00
-4.860000000000000000e+02 4.580712898951565748e+00
-4.850000000000000000e+02 4.581404901746104485e+00
-4.840000000000000000e+02 4.582098091136072249e+00
-4.830000000000000000e+02 4.582801722486183671e+00
-4.820000000000000000e+02 4.583508654188561238e+00
-4.810000000000000000e+02 4.584219075088197926e+00
-4.800000000000000000e+02 4.584943084850659822e+00
-4.790000000000000000e+02 4.585661992982508650e+00
-4.780000000000000000e+02 4.586381260399249982e+00
-4.770000000000000000e+02 4.587131908712922979e+00
-4.760000000000000000e+02 4.587877035442737395e+00
-4.750000000000000000e+02 4.588635558573645135e+00
-4.740000000000000000e+02 4.589391932063758617e+00
-4.730000000000000000e+02 4.590168591024665012e+00
-4.720000000000000000e+02 4.590954465097039972e+00
-4.710000000000000000e+02 4.591755655606219122e+00
-4.700000000000000000e+02 4.592558503145091287e+00
-4.690000000000000000e+02 4.593376743355355174e+00
-4.680000000000000000e+02 4.594196496885733616e+00
-4.670000000000000000e+02 4.595032935162166154e+00
-4.660000000000000000e+02 4.595878017450128361e+00
-4.650000000000000000e+02 4.596731560515449289e+00
-4.640000000000000000e+02 4.597596289071652187e+00
-4.630000000000000000e+02 4.598467888500308298e+00
-4.620000000000000000e+02 4.599365353247401700e+00
-4.610000000000000000e+02 4.600274957762990446e+00
-4.600000000000000000e+02 4.601199270375194494e+00
-4.590000000000000000e+02 4.602124975698721698e+00
-4.580000000000000000e+02 4.603071132727205139e+00
-4.570000000000000000e+02 4.604049481942397826e+00
-4.560000000000000000e+02 4.605038120252396894e+00
-4.550000000000000000e+02 4.606047974642649478e+00
-4.540000000000000000e+02 4.607066212869655786e+00
-4.530000000000000000e+02 4.608115844510657588e+00
-4.520000000000000000e+02 4.609172396411744366e+00
-4.510000000000000000e+02 4.610255864840962836e+00
-4.500000000000000000e+02 4.611356349301215296e+00
-4.490000000000000000e+02 4.612485457224270391e+00
-4.480000000000000000e+02 4.613636667173433459e+00
-4.470000000000000000e+02 4.614812429048410714e+00
-4.460000000000000000e+02 4.616024675917000941e+00
-4.450000000000000000e+02 4.617253094757056253e+00
-4.440000000000000000e+02 4.618517315361574838e+00
-4.430000000000000000e+02 4.619813377487723471e+00
-4.420000000000000000e+02 4.621148815704345658e+00
-4.410000000000000000e+02 4.622534132962146991e+00
-4.400000000000000000e+02 4.623938661983882703e+00
-4.390000000000000000e+02 4.625402108593176465e+00
-4.380000000000000000e+02 4.626910307237467990e+00
-4.370000000000000000e+02 4.628473071749167111e+00
-4.360000000000000000e+02 4.630088213523073648e+00
-4.350000000000000000e+02 4.631769107783492601e+00
-4.340000000000000000e+02 4.633531370660577409e+00
-4.330000000000000000e+02 4.635421132791091026e+00
-4.320000000000000000e+02 4.637525275366582100e+00
-4.310000000000000000e+02 4.639692266521924680e+00
-4.300000000000000000e+02 4.641742977952707072e+00
-4.290000000000000000e+02 4.643779746274159237e+00
-4.280000000000000000e+02 4.645834595877555984e+00
-4.270000000000000000e+02 4.647889347278013616e+00
-4.260000000000000000e+02 4.649941456225366920e+00
-4.250000000000000000e+02 4.652061059517931696e+00
-4.240000000000000000e+02 4.654180778491677550e+00
-4.230000000000000000e+02 4.656351052635095300e+00
-4.220000000000000000e+02 4.658547498862146696e+00
-4.210000000000000000e+02 4.660782497088844956e+00
-4.200000000000000000e+02 4.663051676543688018e+00
-4.190000000000000000e+02 4.665361485107233364e+00
-4.180000000000000000e+02 4.667711467971612294e+00
-4.170000000000000000e+02 4.670109562844775297e+00
-4.160000000000000000e+02 4.672522753471078261e+00
-4.150000000000000000e+02 4.675005736598375705e+00
-4.140000000000000000e+02 4.677501149541201109e+00
-4.130000000000000000e+02 4.680065896840381434e+00
-4.120000000000000000e+02 4.682673110380578763e+00
-4.110000000000000000e+02 4.685324624044022279e+00
-4.100000000000000000e+02 4.688019091845849751e+00
-4.090000000000000000e+02 4.690760210139362840e+00
-4.080000000000000000e+02 4.693558792771397314e+00
-4.070000000000000000e+02 4.696389279720016852e+00
-4.060000000000000000e+02 4.699258514070210779e+00
-4.050000000000000000e+02 4.702192259437255828e+00
-4.040000000000000000e+02 4.705192331798590644e+00
-4.030000000000000000e+02 4.708197990675438760e+00
-4.020000000000000000e+02 4.711254606250697918e+00
-4.010000000000000000e+02 4.714372268932389254e+00
-4.000000000000000000e+02 4.717529631051003314e+00
-3.990000000000000000e+02 4.720729586781726717e+00
-3.980000000000000000e+02 4.723993877884653969e+00
-3.970000000000000000e+02 4.727305070012219446e+00
-3.960000000000000000e+02 4.730663649792815839e+00
-3.950000000000000000e+02 4.734054529043151938e+00
-3.940000000000000000e+02 4.737475168164175798e+00
-3.930000000000000000e+02 4.740959652199782326e+00
-3.920000000000000000e+02 4.744476367106335246e+00
-3.910000000000000000e+02 4.748017768682977646e+00
-3.900000000000000000e+02 4.751618650226975049e+00
-3.890000000000000000e+02 4.755279472917151473e+00
-3.880000000000000000e+02 4.758946390597174059e+00
-3.870000000000000000e+02 4.762643363524680318e+00
-3.860000000000000000e+02 4.766388260459769377e+00
-3.850000000000000000e+02 4.770166426374259139e+00
-3.840000000000000000e+02 4.773965329596745022e+00
-3.830000000000000000e+02 4.777784369460484015e+00
-3.820000000000000000e+02 4.781654505906113961e+00
-3.810000000000000000e+02 4.785526527410817188e+00
-3.800000000000000000e+02 4.789438218894544796e+00
-3.790000000000000000e+02 4.793346130919433179e+00
-3.780000000000000000e+02 4.797268621129688881e+00
-3.770000000000000000e+02 4.801200833204697815e+00
-3.760000000000000000e+02 4.805152745742796050e+00
-3.750000000000000000e+02 4.809109862784909595e+00
-3.740000000000000000e+02 4.813076280934454942e+00
-3.730000000000000000e+02 4.817038587611352618e+00
-3.720000000000000000e+02 4.820966927657960532e+00
-3.710000000000000000e+02 4.824909418150761020e+00
-3.700000000000000000e+02 4.828844186769645219e+00
-3.690000000000000000e+02 4.832754725860787914e+00
-3.680000000000000000e+02 4.836633292123313055e+00
-3.670000000000000000e+02 4.840506063210020748e+00
-3.660000000000000000e+02 4.844362945343878124e+00
-3.650000000000000000e+02 4.848156866674128374e+00
-3.640000000000000000e+02 4.851909310356783855e+00
-3.630000000000000000e+02 4.855617805915699137e+00
-3.620000000000000000e+02 4.859257653216360495e+00
-3.610000000000000000e+02 4.862875426951792868e+00
-3.600000000000000000e+02 4.866415814391841899e+00
-3.590000000000000000e+02 4.869885370631887866e+00
-3.580000000000000000e+02 4.873286323128136921e+00
-3.570000000000000000e+02 4.876602840845474240e+00
-3.560000000000000000e+02 4.879856626963716693e+00
-3.550000000000000000e+02 4.882992252874723604e+00
-3.540000000000000000e+02 4.886050923199730001e+00
-3.530000000000000000e+02 4.888986278243506511e+00
-3.520000000000000000e+02 4.891840267469298453e+00
-3.510000000000000000e+02 4.894547485551888677e+00
-3.500000000000000000e+02 4.897140355829193048e+00
-3.490000000000000000e+02 4.899617704622455605e+00
-3.480000000000000000e+02 4.901941445801495156e+00
-3.470000000000000000e+02 4.904127648777274473e+00
-3.460000000000000000e+02 4.906169720794589573e+00
-3.450000000000000000e+02 4.908052243819538418e+00
-3.440000000000000000e+02 4.909767645972789474e+00
-3.430000000000000000e+02 4.911299105605958282e+00
-3.420000000000000000e+02 4.912668590914321953e+00
-3.410000000000000000e+02 4.913836152723765949e+00
-3.400000000000000000e+02 4.914823846296139997e+00
-3.390000000000000000e+02 4.915594246343597540e+00
-3.380000000000000000e+02 4.916181862637724720e+00
-3.370000000000000000e+02 4.916564914767225680e+00
-3.360000000000000000e+02 4.916697942125999532e+00
-3.350000000000000000e+02 4.916619803866193017e+00
-3.340000000000000000e+02 4.916314369479288793e+00
-3.330000000000000000e+02 4.915750478950558389e+00
-3.320000000000000000e+02 4.914950064832193988e+00
-3.310000000000000000e+02 4.913889239458518965e+00
-3.300000000000000000e+02 4.912556736605696805e+00
-3.290000000000000000e+02 4.910980802008118928e+00
-3.280000000000000000e+02 4.909128169710345269e+00
-3.270000000000000000e+02 4.906967558619655279e+00
-3.260000000000000000e+02 4.904529354752745540e+00
-3.250000000000000000e+02 4.901812946769402046e+00
-3.240000000000000000e+02 4.898792938425287957e+00
-3.230000000000000000e+02 4.895463359929675740e+00
-3.220000000000000000e+02 4.891854457136109779e+00
-3.210000000000000000e+02 4.887917079146991028e+00
-3.200000000000000000e+02 4.883659589446108562e+00
-3.190000000000000000e+02 4.879078291246132792e+00
-3.180000000000000000e+02 4.874174752279549772e+00
-3.170000000000000000e+02 4.868940002132372769e+00
-3.160000000000000000e+02 4.863366135087005659e+00
-3.150000000000000000e+02 4.857452959431028283e+00
-3.140000000000000000e+02 4.851200560938009332e+00
-3.130000000000000000e+02 4.844606025861748932e+00
-3.120000000000000000e+02 4.837658312050133524e+00
-3.110000000000000000e+02 4.830356700130985281e+00
-3.100000000000000000e+02 4.822705994826164577e+00
-3.090000000000000000e+02 4.814709570111811665e+00
-3.080000000000000000e+02 4.806356201257913519e+00
-3.070000000000000000e+02 4.797667641662937577e+00
-3.060000000000000000e+02 4.788579420709581314e+00
-3.050000000000000000e+02 4.779166762674554647e+00
-3.040000000000000000e+02 4.769420001576595070e+00
-3.030000000000000000e+02 4.759273499413353647e+00
-3.020000000000000000e+02 4.748780237312671737e+00
-3.010000000000000000e+02 4.737923120703563029e+00
-3.000000000000000000e+02 4.726728684792846025e+00
-2.990000000000000000e+02 4.715172619103729978e+00
-2.980000000000000000e+02 4.703255559815091580e+00
-2.970000000000000000e+02 4.691006573850838635e+00
-2.960000000000000000e+02 4.678403796624770017e+00
-2.950000000000000000e+02 4.665465049363229255e+00
-2.940000000000000000e+02 4.652183983484700747e+00
-2.930000000000000000e+02 4.638593747277412582e+00
-2.920000000000000000e+02 4.624662667221516976e+00
-2.910000000000000000e+02 4.610397317953903951e+00
-2.900000000000000000e+02 4.595811166969189898e+00
-2.890000000000000000e+02 4.580911936655949646e+00
-2.880000000000000000e+02 4.565712419792360421e+00
-2.870000000000000000e+02 4.550204725605087930e+00
-2.860000000000000000e+02 4.534393399779828471e+00
-2.850000000000000000e+02 4.518306036248406876e+00
-2.840000000000000000e+02 4.501923094376508949e+00
-2.830000000000000000e+02 4.485254700387038440e+00
-2.820000000000000000e+02 4.468322825727562453e+00
-2.810000000000000000e+02 4.451135234591951928e+00
-2.800000000000000000e+02 4.433676397725489160e+00
-2.790000000000000000e+02 4.415985904041506593e+00
-2.780000000000000000e+02 4.398078972707378576e+00
-2.770000000000000000e+02 4.379912069478993253e+00
-2.760000000000000000e+02 4.361540443519650090e+00
-2.750000000000000000e+02 4.342963902721609593e+00
-2.740000000000000000e+02 4.324182639196516575e+00
-2.730000000000000000e+02 4.305227852739768046e+00
-2.720000000000000000e+02 4.286080358313927974e+00
-2.710000000000000000e+02 4.266760979656421426e+00
-2.700000000000000000e+02 4.247287580993049261e+00
-2.690000000000000000e+02 4.227639684421576227e+00
-2.680000000000000000e+02 4.207849189823709146e+00
-2.670000000000000000e+02 4.187959452674319571e+00
-2.660000000000000000e+02 4.167929979665739637e+00
-2.650000000000000000e+02 4.147790919197925419e+00
-2.640000000000000000e+02 4.127550872468283671e+00
-2.630000000000000000e+02 4.107245829454571506e+00
-2.620000000000000000e+02 4.086856849312169082e+00
-2.610000000000000000e+02 4.066379939756742168e+00
-2.600000000000000000e+02 4.045868279408306734e+00
-2.590000000000000000e+02 4.025302456629274772e+00
-2.580000000000000000e+02 4.004718823928035576e+00
-2.570000000000000000e+02 3.984106991623572736e+00
-2.560000000000000000e+02 3.963479191820546976e+00
-2.550000000000000000e+02 3.942847095392813195e+00
-2.540000000000000000e+02 3.922203251310024452e+00
-2.530000000000000000e+02 3.901615553993227348e+00
-2.520000000000000000e+02 3.881024734956666666e+00
-2.510000000000000000e+02 3.860479269465430630e+00
-2.500000000000000000e+02 3.839959041187138933e+00
-2.490000000000000000e+02 3.819523315520402473e+00
-2.480000000000000000e+02 3.799148179242594736e+00
-2.470000000000000000e+02 3.778859775735774029e+00
-2.460000000000000000e+02 3.758653042338776729e+00
-2.450000000000000000e+02 3.738543857451382291e+00
-2.440000000000000000e+02 3.718544653423014879e+00
-2.430000000000000000e+02 3.698645822313144649e+00
-2.420000000000000000e+02 3.678879783563034689e+00
-2.410000000000000000e+02 3.659238023420497310e+00
-2.400000000000000000e+02 3.639736126274251138e+00
-2.390000000000000000e+02 3.620361410362794352e+00
-2.380000000000000000e+02 3.601142587677313323e+00
-2.370000000000000000e+02 3.582086713319529991e+00
-2.360000000000000000e+02 3.563175069068722944e+00
-2.350000000000000000e+02 3.544455393575638880e+00
-2.340000000000000000e+02 3.525931676392948688e+00
-2.330000000000000000e+02 3.507597514883960876e+00
-2.320000000000000000e+02 3.489432472271982277e+00
-2.310000000000000000e+02 3.471465150664187149e+00
-2.300000000000000000e+02 3.453702692617623082e+00
-2.290000000000000000e+02 3.436134340300072143e+00
-2.280000000000000000e+02 3.418790407967959855e+00
-2.270000000000000000e+02 3.401679348458952479e+00
-2.260000000000000000e+02 3.384758347151613833e+00
-2.250000000000000000e+02 3.368071049489374413e+00
-2.240000000000000000e+02 3.351591383400526425e+00
-2.230000000000000000e+02 3.335364246823728340e+00
-2.220000000000000000e+02 3.319361786806503289e+00
-2.210000000000000000e+02 3.303601623477697480e+00
-2.200000000000000000e+02 3.288055245513520131e+00
-2.190000000000000000e+02 3.272777189077691773e+00
-2.180000000000000000e+02 3.257726455103624019e+00
-2.170000000000000000e+02 3.242926453568134360e+00
-2.160000000000000000e+02 3.228360272213071536e+00
-2.150000000000000000e+02 3.214070052552039591e+00
-2.140000000000000000e+02 3.199993068556675535e+00
-2.130000000000000000e+02 3.186152963558340989e+00
-2.120000000000000000e+02 3.172591719614958450e+00
-2.110000000000000000e+02 3.159256902345193740e+00
-2.100000000000000000e+02 3.146169052368872343e+00
-2.090000000000000000e+02 3.133313590933320736e+00
-2.080000000000000000e+02 3.120725174295246429e+00
-2.070000000000000000e+02 3.108368252451768399e+00
-2.060000000000000000e+02 3.096250824499312770e+00
-2.050000000000000000e+02 3.084396706794483300e+00
-2.040000000000000000e+02 3.072761348613794574e+00
-2.030000000000000000e+02 3.061373561241835350e+00
-2.020000000000000000e+02 3.050228033437059949e+00
-2.010000000000000000e+02 3.039314338862281861e+00
-2.000000000000000000e+02 3.028647353761662941e+00
-1.990000000000000000e+02 3.018185608792761876e+00
-1.980000000000000000e+02 3.007954103320551020e+00
-1.970000000000000000e+02 2.997950611090667294e+00
-1.960000000000000000e+02 2.988158817785187882e+00
-1.950000000000000000e+02 2.978603542758806899e+00
-1.940000000000000000e+02 2.969250135454519768e+00
-1.930000000000000000e+02 2.960097148631858133e+00
-1.920000000000000000e+02 2.951159146988253656e+00
-1.910000000000000000e+02 2.942434538518154952e+00
-1.900000000000000000e+02 2.933915922337979154e+00
-1.890000000000000000e+02 2.925598065111399748e+00
-1.880000000000000000e+02 2.917502993771088349e+00
-1.870000000000000000e+02 2.909569976900618027e+00
-1.860000000000000000e+02 2.901836955675853424e+00
-1.850000000000000000e+02 2.894285118289741554e+00
-1.840000000000000000e+02 2.886912032730355016e+00
-1.830000000000000000e+02 2.879720502421059702e+00
-1.820000000000000000e+02 2.872691557677102825e+00
-1.810000000000000000e+02 2.865837437349067596e+00
-1.800000000000000000e+02 2.859139329498461723e+00
-1.790000000000000000e+02 2.852610566178559903e+00
-1.780000000000000000e+02 2.846241095477308303e+00
-1.770000000000000000e+02 2.840021836485109308e+00
-1.760000000000000000e+02 2.833959113840340382e+00
-1.750000000000000000e+02 2.828042204080364108e+00
-1.740000000000000000e+02 2.822273017285483299e+00
-1.730000000000000000e+02 2.816628481629225966e+00
-1.720000000000000000e+02 2.811131731747892548e+00
-1.710000000000000000e+02 2.805762513829855198e+00
-1.700000000000000000e+02 2.800523453192647949e+00
-1.690000000000000000e+02 2.795415639180848899e+00
-1.680000000000000000e+02 2.790418781043594088e+00
-1.670000000000000000e+02 2.785540768085079666e+00
-1.660000000000000000e+02 2.780770572411066954e+00
-1.650000000000000000e+02 2.776109799772175535e+00
-1.640000000000000000e+02 2.771551647114003813e+00
-1.630000000000000000e+02 2.767099428753366563e+00
-1.620000000000000000e+02 2.762739043752669765e+00
-1.610000000000000000e+02 2.758499686432403841e+00
-1.600000000000000000e+02 2.754349491175572151e+00
-1.590000000000000000e+02 2.750283151993004882e+00
-1.580000000000000000e+02 2.746281138945550815e+00
-1.570000000000000000e+02 2.742380875737130186e+00
-1.560000000000000000e+02 2.738549482310546068e+00
-1.550000000000000000e+02 2.734802234641243945e+00
-1.540000000000000000e+02 2.731150173636128997e+00
-1.530000000000000000e+02 2.727565702827916994e+00
-1.520000000000000000e+02 2.724036628814229921e+00
-1.510000000000000000e+02 2.720565490860521241e+00
-1.500000000000000000e+02 2.717169345194005992e+00
