        -851   2.7171693451940060     
        -850   2.7205654908605212     
        -849   2.7240366288142299     
        -848   2.7275657028279170     
        -847   2.7311501736361290     
        -846   2.7348022346412439     
        -845   2.7385494823105461     
        -844   2.7423808757371302     
        -843   2.7462811389455508     
        -842   2.7502831519930049     
        -841   2.7543494911755722     
        -840   2.7584996864324038     
        -839   2.7627390437526698     
        -838   2.7670994287533666     
        -837   2.7715516471140038     
        -836   2.7761097997721755     
        -835   2.7807705724110670     
        -834   2.7855407680850797     
        -833   2.7904187810435941     
        -832   2.7954156391808489     
        -831   2.8005234531926479     
        -830   2.8057625138298552     
        -829   2.8111317317478925     
        -828   2.8166284816292260     
        -827   2.8222730172854833     
        -826   2.8280422040803641     
        -825   2.8339591138403404     
        -824   2.8400218364851093     
        -823   2.8462410954773083     
        -822   2.8526105661785599     
        -821   2.8591393294984617     
        -820   2.8658374373490676     
        -819   2.8726915576771028     
        -818   2.8797205024210597     
        -817   2.8869120327303550     
        -816   2.8942851182897416     
        -815   2.9018369556758534     
        -814   2.9095699769006180     
        -813   2.9175029937710883     
        -812   2.9255980651113997     
        -811   2.9339159223379792     
        -810   2.9424345385181550     
        -809   2.9511591469882537     
        -808   2.9600971486318581     
        -807   2.9692501354545198     
        -806   2.9786035427588069     
        -805   2.9881588177851879     
        -804   2.9979506110906673     
        -803   3.0079541033205510     
        -802   3.0181856087927619     
        -801   3.0286473537616629     
        -800   3.0393143388622819     
        -799   3.0502280334370599     
        -798   3.0613735612418354     
        -797   3.0727613486137946     
        -796   3.0843967067944833     
        -795   3.0962508244993128     
        -794   3.1083682524517684     
        -793   3.1207251742952464     
        -792   3.1333135909333207     
        -791   3.1461690523688723     
        -790   3.1592569023451937     
        -789   3.1725917196149584     
        -788   3.1861529635583410     
        -787   3.1999930685566755     
        -786   3.2140700525520396     
        -785   3.2283602722130715     
        -784   3.2429264535681344     
        -783   3.2577264551036240     
        -782   3.2727771890776918     
        -781   3.2880552455135201     
        -780   3.3036016234776975     
        -779   3.3193617868065033     
        -778   3.3353642468237283     
        -777   3.3515913834005264     
        -776   3.3680710494893744     
        -775   3.3847583471516138     
        -774   3.4016793484589525     
        -773   3.4187904079679599     
        -772   3.4361343403000721     
        -771   3.4537026926176231     
        -770   3.4714651506641871     
        -769   3.4894324722719823     
        -768   3.5075975148839609     
        -767   3.5259316763929487     
        -766   3.5444553935756389     
        -765   3.5631750690687229     
        -764   3.5820867133195300     
        -763   3.6011425876773133     
        -762   3.6203614103627944     
        -761   3.6397361262742511     
        -760   3.6592380234204973     
        -759   3.6788797835630347     
        -758   3.6986458223131446     
        -757   3.7185446534230149     
        -756   3.7385438574513823     
        -755   3.7586530423387767     
        -754   3.7788597757357740     
        -753   3.7991481792425947     
        -752   3.8195233155204025     
        -751   3.8399590411871389     
        -750   3.8604792694654306     
        -749   3.8810247349566667     
        -748   3.9016155539932273     
        -747   3.9222032513100245     
        -746   3.9428470953928132     
        -745   3.9634791918205470     
        -744   3.9841069916235727     
        -743   4.0047188239280356     
        -742   4.0253024566292748     
        -741   4.0458682794083067     
        -740   4.0663799397567422     
        -739   4.0868568493121691     
        -738   4.1072458294545715     
        -737   4.1275508724682837     
        -736   4.1477909191979254     
        -735   4.1679299796657396     
        -734   4.1879594526743196     
        -733   4.2078491898237091     
        -732   4.2276396844215762     
        -731   4.2472875809930493     
        -730   4.2667609796564214     
        -729   4.2860803583139280     
        -728   4.3052278527397680     
        -727   4.3241826391965166     
        -726   4.3429639027216096     
        -725   4.3615404435196501     
        -724   4.3799120694789933     
        -723   4.3980789727073786     
        -722   4.4159859040415066     
        -721   4.4336763977254892     
        -720   4.4511352345919519     
        -719   4.4683228257275625     
        -718   4.4852547003870384     
        -717   4.5019230943765089     
        -716   4.5183060362484069     
        -715   4.5343933997798285     
        -714   4.5502047256050879     
        -713   4.5657124197923604     
        -712   4.5809119366559496     
        -711   4.5958111669691899     
        -710   4.6103973179539040     
        -709   4.6246626672215170     
        -708   4.6385937472774126     
        -707   4.6521839834847007     
        -706   4.6654650493632293     
        -705   4.6784037966247700     
        -704   4.6910065738508386     
        -703   4.7032555598150916     
        -702   4.7151726191037300     
        -701   4.7267286847928460     
        -700   4.7379231207035630     
        -699   4.7487802373126717     
        -698   4.7592734994133536     
        -697   4.7694200015765951     
        -696   4.7791667626745546     
        -695   4.7885794207095813     
        -694   4.7976676416629376     
        -693   4.8063562012579135     
        -692   4.8147095701118117     
        -691   4.8227059948261646     
        -690   4.8303567001309853     
        -689   4.8376583120501335     
        -688   4.8446060258617489     
        -687   4.8512005609380093     
        -686   4.8574529594310283     
        -685   4.8633661350870057     
        -684   4.8689400021323728     
        -683   4.8741747522795498     
        -682   4.8790782912461328     
        -681   4.8836595894461086     
        -680   4.8879170791469910     
        -679   4.8918544571361098     
        -678   4.8954633599296757     
        -677   4.8987929384252880     
        -676   4.9018129467694020     
        -675   4.9045293547527455     
        -674   4.9069675586196553     
        -673   4.9091281697103453     
        -672   4.9109808020081189     
        -671   4.9125567366056968     
        -670   4.9138892394585190     
        -669   4.9149500648321940     
        -668   4.9157504789505584     
        -667   4.9163143694792888     
        -666   4.9166198038661930     
        -665   4.9166979421259995     
        -664   4.9165649147672257     
        -663   4.9161818626377247     
        -662   4.9155942463435975     
        -661   4.9148238462961400     
        -660   4.9138361527237659     
        -659   4.9126685909143220     
        -658   4.9112991056059583     
        -657   4.9097676459727895     
        -656   4.9080522438195384     
        -655   4.9061697207945896     
        -654   4.9041276487772745     
        -653   4.9019414458014952     
        -652   4.8996177046224556     
        -651   4.8971403558291930     
        -650   4.8945474855518887     
        -649   4.8918402674692985     
        -648   4.8889862782435065     
        -647   4.8860509231997300     
        -646   4.8829922528747236     
        -645   4.8798566269637167     
        -644   4.8766028408454742     
        -643   4.8732863231281369     
        -642   4.8698853706318879     
        -641   4.8664158143918419     
        -640   4.8628754269517929     
        -639   4.8592576532163605     
        -638   4.8556178059156991     
        -637   4.8519093103567839     
        -636   4.8481568666741284     
        -635   4.8443629453438781     
        -634   4.8405060632100207     
        -633   4.8366332921233131     
        -632   4.8327547258607879     
        -631   4.8288441867696452     
        -630   4.8249094181507610     
        -629   4.8209669276579605     
        -628   4.8170385876113526     
        -627   4.8130762809344549     
        -626   4.8091098627849096     
        -625   4.8051527457427960     
        -624   4.8012008332046978     
        -623   4.7972686211296889     
        -622   4.7933461309194332     
        -621   4.7894382188945448     
        -620   4.7855265274108172     
        -619   4.7816545059061140     
        -618   4.7777843694604840     
        -617   4.7739653295967450     
        -616   4.7701664263742591     
        -615   4.7663882604597694     
        -614   4.7626433635246803     
        -613   4.7589463905971741     
        -612   4.7552794729171515     
        -611   4.7516186502269750     
        -610   4.7480177686829776     
        -609   4.7444763671063352     
        -608   4.7409596521997823     
        -607   4.7374751681641758     
        -606   4.7340545290431519     
        -605   4.7306636497928158     
        -604   4.7273050700122194     
        -603   4.7239938778846540     
        -602   4.7207295867817267     
        -601   4.7175296310510033     
        -600   4.7143722689323893     
        -599   4.7112546062506979     
        -598   4.7081979906754388     
        -597   4.7051923317985906     
        -596   4.7021922594372558     
        -595   4.6992585140702108     
        -594   4.6963892797200169     
        -593   4.6935587927713973     
        -592   4.6907602101393628     
        -591   4.6880190918458498     
        -590   4.6853246240440223     
        -589   4.6826731103805788     
        -588   4.6800658968403814     
        -587   4.6775011495412011     
        -586   4.6750057365983757     
        -585   4.6725227534710783     
        -584   4.6701095628447753     
        -583   4.6677114679716123     
        -582   4.6653614851072334     
        -581   4.6630516765436880     
        -580   4.6607824970888450     
        -579   4.6585474988621467     
        -578   4.6563510526350953     
        -577   4.6541807784916776     
        -576   4.6520610595179317     
        -575   4.6499414562253669     
        -574   4.6478893472780136     
        -573   4.6458345958775560     
        -572   4.6437797462741592     
        -571   4.6417429779527071     
        -570   4.6396922665219247     
        -569   4.6375252753665821     
        -568   4.6354211327910910     
        -567   4.6335313706605774     
        -566   4.6317691077834926     
        -565   4.6300882135230736     
        -564   4.6284730717491671     
        -563   4.6269103072374680     
        -562   4.6254021085931765     
        -561   4.6239386619838827     
        -560   4.6225341329621470     
        -559   4.6211488157043457     
        -558   4.6198133774877235     
        -557   4.6185173153615748     
        -556   4.6172530947570563     
        -555   4.6160246759170009     
        -554   4.6148124290484107     
        -553   4.6136366671734335     
        -552   4.6124854572242704     
        -551   4.6113563493012153     
        -550   4.6102558648409628     
        -549   4.6091723964117444     
        -548   4.6081158445106576     
        -547   4.6070662128696558     
        -546   4.6060479746426495     
        -545   4.6050381202523969     
        -544   4.6040494819423978     
        -543   4.6030711327272051     
        -542   4.6021249756987217     
        -541   4.6011992703751945     
        -540   4.6002749577629904     
        -539   4.5993653532474017     
        -538   4.5984678885003083     
        -537   4.5975962890716522     
        -536   4.5967315605154493     
        -535   4.5958780174501284     
        -534   4.5950329351621662     
        -533   4.5941964968857336     
        -532   4.5933767433553552     
        -531   4.5925585031450913     
        -530   4.5917556556062191     
        -529   4.5909544650970400     
        -528   4.5901685910246650     
        -527   4.5893919320637586     
        -526   4.5886355585736451     
        -525   4.5878770354427374     
        -524   4.5871319087129230     
        -523   4.5863812603992500     
        -522   4.5856619929825087     
        -521   4.5849430848506598     
        -520   4.5842190750881979     
        -519   4.5835086541885612     
        -518   4.5828017224861837     
        -517   4.5820980911360722     
        -516   4.5814049017461045     
        -515   4.5807128989515657     
        -514   4.5800299109069709     
        -513   4.5793541569382770     
        -512   4.5786796310746931     
        -511   4.5780192063220762     
        -510   4.5773616988392343     
        -509   4.5767123511780188     
        -508   4.5760695288485413     
        -507   4.5754366741131971     
        -506   4.5748084224240495     
        -505   4.5741720744996446     
        -504   4.5735492338578201     
        -503   4.5729316705374954     
        -502   4.5723107488470065     
        -501   4.5716996681916608     
        -500   4.5710920737951417     
        -499   4.5704787279756331     
        -498   4.5698854929283321     
        -497   4.5692938295089407     
        -496   4.5687162963413392     
        -495   4.5681417282396826     
        -494   4.5675662567731710     
        -493   4.5669988622824915     
        -492   4.5664453255898270     
        -491   4.5658952142442581     
        -490   4.5653450863160216     
        -489   4.5648078312593610     
        -488   4.5642679592024953     
        -487   4.5637307936347256     
        -486   4.5632093230182162     
        -485   4.5626824523369427     
        -484   4.5621583255641607     
        -483   4.5616496752977111     
        -482   4.5611474187368959     
        -481   4.5606583673692489     
        -480   4.5601750615525019     
        -479   4.5596979421326678     
        -478   4.5592318388279178     
        -477   4.5587813318779515     
        -476   4.5583254337025023     
        -475   4.5578864431634400     
        -474   4.5574456823020215     
        -473   4.5570180499752633     
        -472   4.5565997678117638     
        -471   4.5561933472504945     
        -470   4.5557908051679501     
        -469   4.5553988503909144     
        -468   4.5550199365397885     
        -467   4.5546530646669927     
        -466   4.5543040571469264     
        -465   4.5539661569968732     
        -464   4.5536413504443001     
        -463   4.5533246189794889     
        -462   4.5530389363387309     
        -461   4.5527522141163006     
        -460   4.5524785628313627     
        -459   4.5522186017488764     
        -458   4.5519793813335658     
        -457   4.5517620712526536     
        -456   4.5515444362287045     
        -455   4.5513513028606578     
        -454   4.5511760421523633     
        -453   4.5510163926430316     
        -452   4.5508914002965355     
        -451   4.5507885326718140     
        -450   4.5506952308603390     
        -449   4.5506322673036577     
        -448   4.5505947403613654     
        -447   4.5505905712244656     
        -446   4.5506019085003162     
        -445   4.5506472500799617     
        -444   4.5507189718257770     
        -443   4.5508238409385537     
        -442   4.5509622527440134     
        -441   4.5511186225048137     
        -440   4.5513212229577338     
        -439   4.5515770482464850     
        -438   4.5518530543149760     
        -437   4.5521977095664656     
        -436   4.5525897084713263     
        -435   4.5530255604265530     
        -434   4.5535458077203392     
        -433   4.5541450448030449     
        -432   4.5548507396498756     
        -431   4.5557352803021605     
        -430   4.5567550758382893     
        -429   4.5576537699415640     
        -428   4.5585511228661293     
        -427   4.5594445322800876     
        -426   4.5603656837425319     
        -425   4.5612707856403842     
        -424   4.5622082479885551     
        -423   4.5631769965862636     
        -422   4.5641787262937283     
        -421   4.5652014470874906     
        -420   4.5662979875064060     
        -419   4.5674008328718481     
        -418   4.5685519387716793     
        -417   4.5697256074773174     
        -416   4.5709701651387311     
        -415   4.5722243950747821     
        -414   4.5735549179273010     
        -413   4.5748889836827136     
        -412   4.5762933386897195     
        -411   4.5777222369178707     
        -410   4.5792026316455248     
        -409   4.5807184191001857     
        -408   4.5823012810489798     
        -407   4.5839239305107649     
        -406   4.5856020148011387     
        -405   4.5873184754635936     
        -404   4.5890777944039716     
        -403   4.5908958438366456     
        -402   4.5927509455702538     
        -401   4.5946524567398699     
        -400   4.5966119267990928     
        -399   4.5986084928075268     
        -398   4.6006580378177224     
        -397   4.6027500776634893     
        -396   4.6048676606678463     
        -395   4.6070441474413002     
        -394   4.6092720719411027     
        -393   4.6115423735334824     
        -392   4.6138666909264723     
        -391   4.6162264102100687     
        -390   4.6186222098410141     
        -389   4.6210558911104238     
        -388   4.6235586627319165     
        -387   4.6260816789026595     
        -386   4.6286407771257494     
        -385   4.6312319285704593     
        -384   4.6338621820315966     
        -383   4.6365198821218749     
        -382   4.6392186503541044     
        -381   4.6419393903447554     
        -380   4.6446766837813112     
        -379   4.6474676160626656     
        -378   4.6502446004116580     
        -377   4.6530622793106966     
        -376   4.6559099990428710     
        -375   4.6587554643037716     
        -374   4.6616112351899863     
        -373   4.6644902219829323     
        -372   4.6673798140699061     
        -371   4.6702460227125648     
        -370   4.6731496362394020     
        -369   4.6760348293202778     
        -368   4.6789124000734290     
        -367   4.6817825959644965     
        -366   4.6846319120037654     
        -365   4.6874465635936993     
        -364   4.6902474535246235     
        -363   4.6930374429551911     
        -362   4.6957940983994186     
        -361   4.6985152798048908     
        -360   4.7011885144190533     
        -359   4.7038296006521234     
        -358   4.7064013944567558     
        -357   4.7089361802026612     
        -356   4.7114206950827580     
        -355   4.7138187533785461     
        -354   4.7161655063720627     
        -353   4.7184278659796046     
        -352   4.7206086461219359     
        -351   4.7227072050992698     
        -350   4.7246891794889843     
        -349   4.7265946068253131     
        -348   4.7283943265637438     
        -347   4.7300864380970733     
        -346   4.7316607386617671     
        -345   4.7331028580479568     
        -344   4.7344341393449838     
        -343   4.7356386253399654     
        -342   4.7366993495588474     
        -341   4.7376082349528721     
        -340   4.7383665411737148     
        -339   4.7389589228226736     
        -338   4.7393845696076369     
        -337   4.7396538644917978     
        -336   4.7397316511682890     
        -335   4.7396249582404995     
        -334   4.7393283757909561     
        -333   4.7388335861218263     
        -332   4.7381423512901497     
        -331   4.7372433910293932     
        -330   4.7361316664733852     
        -329   4.7347977401130716     
        -328   4.7332242907277582     
        -327   4.7314539273819154     
        -326   4.7294288931913036     
        -325   4.7271498054772980     
        -324   4.7246276552142570     
        -323   4.7218454366409723     
        -322   4.7188083039363189     
        -321   4.7155047892994046     
        -320   4.7119357170560940     
        -319   4.7080910167060965     
        -318   4.7039494399540676     
        -317   4.6995529732396122     
        -316   4.6948540251586106     
        -315   4.6898582330678318     
        -314   4.6845844164584225     
        -313   4.6790063264173956     
        -312   4.6731264060795059     
        -311   4.6669346804660137     
        -310   4.6604402042008184     
        -309   4.6536297386230263     
        -308   4.6465097637788917     
        -307   4.6390770561144512     
        -306   4.6313208594604927     
        -305   4.6232453821796895     
        -304   4.6148638604480414     
        -303   4.6061501230247135     
        -302   4.5971150466688302     
        -301   4.5877739687307546     
        -300   4.5780995518991272     
        -299   4.5681103289153127     
        -298   4.5577939410602806     
        -297   4.5471598933783737     
        -296   4.5362141506580862     
        -295   4.5249416536887184     
        -294   4.5133635777347703     
        -293   4.5014519181839159     
        -292   4.4892341480510636     
        -291   4.4767213052061381     
        -290   4.4638989554264787     
        -289   4.4507784702250524     
        -288   4.4373522682014856     
        -287   4.4236367204081217     
        -286   4.4096343384981171     
        -285   4.3953402106550570     
        -284   4.3807620301440107     
        -283   4.3658948173019674     
        -282   4.3507721001033994     
        -281   4.3354127652496146     
        -280   4.3197808245458509     
        -279   4.3038869565559565     
        -278   4.2877479769898912     
        -277   4.2713603499126300     
        -276   4.2547639866436100     
        -275   4.2379319278360406     
        -274   4.2208740490333208     
        -273   4.2036108441630766     
        -272   4.1861341678644397     
        -271   4.1684746517306737     
        -270   4.1506224257666764     
        -269   4.1326072219742969     
        -268   4.1144049889784142     
        -267   4.0960490772415197     
        -266   4.0775486807684045     
        -265   4.0589119191392387     
        -264   4.0401071326119702     
        -263   4.0212018977702124     
        -262   4.0021878595734712     
        -261   3.9830618757373606     
        -260   3.9638216689122427     
        -259   3.9445158312251816     
        -258   3.9251032215084427     
        -257   3.9056381582200705     
        -256   3.8861142987885628     
        -255   3.8665282975628994     
        -254   3.8469010220477102     
        -253   3.8272487558316488     
        -252   3.8075896153608952     
        -251   3.7878934474379444     
        -250   3.7682095736577161     
        -249   3.7485307405393113     
        -248   3.7288471944433543     
        -247   3.7092107877685394     
        -246   3.6895913295373539     
        -245   3.6700149977448038     
        -244   3.6504991551750718     
        -243   3.6310229209685025     
        -242   3.6116278201442955     
        -241   3.5923022352794911     
        -240   3.5730532841300029     
        -239   3.5538909791333246     
        -238   3.5348180176020185     
        -237   3.5158688381293612     
        -236   3.4970340642336222     
        -235   3.4783149482155871     
        -234   3.4597201404362283     
        -233   3.4412585503397177     
        -232   3.4229485257673837     
        -231   3.4048047018149235     
        -230   3.3867848596442403     
        -229   3.3689247576193035     
        -228   3.3512285161298792     
        -227   3.3337041590254191     
        -226   3.3163434605391662     
        -225   3.2991628389048397     
        -224   3.2821866205784551     
        -223   3.2653755017351003     
        -222   3.2487663488358214     
        -221   3.2323557969852668     
        -220   3.2161439460940193     
        -219   3.2001396905413806     
        -218   3.1843358762884018     
        -217   3.1687462411379701     
        -216   3.1533670618938023     
        -215   3.1382015350432710     
        -214   3.1232428949955180     
        -213   3.1085193012120591     
        -212   3.0940095383037240     
        -211   3.0797175786950448     
        -210   3.0656493241358818     
        -209   3.0518153313123486     
        -208   3.0381819490901756     
        -207   3.0247758300673500     
        -206   3.0116133358016732     
        -205   2.9986878282214584     
        -204   2.9859714718431407     
        -203   2.9734802878011393     
        -202   2.9612153778053969     
        -201   2.9491765017734117     
        -200   2.9373582847826403     
        -199   2.9257659861839072     
        -198   2.9144041947358343     
        -197   2.9032543226682863     
        -196   2.8923157526080328     
        -195   2.8815990625018211     
        -194   2.8711067382708344     
        -193   2.8608091895826431     
        -192   2.8507232990012490     
        -191   2.8408547220198579     
        -190   2.8311839108187256     
        -189   2.8217391903011513     
        -188   2.8124895698331263     
        -187   2.8034356103907370     
        -186   2.7945923458896775     
        -185   2.7859239153681257     
        -184   2.7774631620320060     
        -183   2.7691860781989415     
        -182   2.7610858870666224     
        -181   2.7531844875513016     
        -180   2.7454369563423420     
        -179   2.7378687885423427     
        -178   2.7304881070256650     
        -177   2.7232817475388691     
        -176   2.7162257420663281     
        -175   2.7093332975439979     
        -174   2.7025937961108126     
        -173   2.6960268453533969     
        -172   2.6896094606347170     
        -171   2.6833530352416979     
        -170   2.6772196382804951     
        -169   2.6712379961601331     
        -168   2.6653973644328754     
        -167   2.6597023515803606     
        -166   2.6541333777248450     
        -165   2.6486835397265036     
        -164   2.6433733903152472     
        -163   2.6381771637181535     
        -162   2.6330970329522132     
        -161   2.6281491653471272     
        -160   2.6232909936148676     
        -159   2.6185603106218402     
        -158   2.6139188333128138     
        -157   2.6093970741594403     
        -156   2.6049847792780358     
        -155   2.6006525924209769     
        -154   2.5964225306061426     
        -153   2.5922695259901536     
        -152   2.5882325242013735     
        -151   2.5842685142902333     
        -150   2.5803992562569178     
