-8.510000000000000000e+02 2.634515180935409706e+00
-8.500000000000000000e+02 2.549503907219501375e+00
-8.490000000000000000e+02 2.958937259129274189e+00
-8.480000000000000000e+02 2.708375456190352359e+00
-8.470000000000000000e+02 2.449835381363447251e+00
-8.460000000000000000e+02 2.087059631827671957e+00
-8.450000000000000000e+02 2.524823246594964932e+00
-8.440000000000000000e+02 2.375171172756643578e+00
-8.430000000000000000e+02 2.852705918251600359e+00
-8.420000000000000000e+02 2.481998878990071322e+00
-8.410000000000000000e+02 2.626583372310887121e+00
-8.400000000000000000e+02 2.888602579337444354e+00
-8.390000000000000000e+02 2.296038136612390979e+00
-8.380000000000000000e+02 2.591506329388628238e+00
-8.370000000000000000e+02 2.741780551526523446e+00
-8.360000000000000000e+02 2.381512517723904043e+00
-8.350000000000000000e+02 2.446748325673123503e+00
-8.340000000000000000e+02 2.365314443196495642e+00
-8.330000000000000000e+02 2.771567481446288284e+00
-8.320000000000000000e+02 2.046344062780725892e+00
-8.310000000000000000e+02 2.658599912819759048e+00
-8.300000000000000000e+02 2.681551420290762877e+00
-8.290000000000000000e+02 2.379282597966413615e+00
-8.280000000000000000e+02 2.406658776553655787e+00
-8.270000000000000000e+02 2.916610546145169014e+00
-8.260000000000000000e+02 2.469990643935947805e+00
-8.250000000000000000e+02 2.778643246165491298e+00
-8.240000000000000000e+02 2.031167161705976554e+00
-8.230000000000000000e+02 3.090987213153629121e+00
-8.220000000000000000e+02 2.320900884577872247e+00
-8.210000000000000000e+02 2.614210878098188306e+00
-8.200000000000000000e+02 2.859063232510961949e+00
-8.190000000000000000e+02 2.271633552046956162e+00
-8.180000000000000000e+02 2.744714302932411698e+00
-8.170000000000000000e+02 3.025237052503477742e+00
-8.160000000000000000e+02 2.749455906173225550e+00
-8.150000000000000000e+02 2.530599896264301485e+00
-8.140000000000000000e+02 2.122473443756177858e+00
-8.130000000000000000e+02 2.569178328747068196e+00
-8.120000000000000000e+02 2.690580639415977693e+00
-8.110000000000000000e+02 2.313104756316176847e+00
-8.100000000000000000e+02 2.494195124739397418e+00
-8.090000000000000000e+02 2.375072308668540799e+00
-8.080000000000000000e+02 2.903825118091712287e+00
-8.070000000000000000e+02 2.431960012600877796e+00
-8.060000000000000000e+02 2.436820973621745878e+00
-8.050000000000000000e+02 2.523342815374428838e+00
-8.040000000000000000e+02 2.694871759699686287e+00
-8.030000000000000000e+02 2.202543024565934093e+00
-8.020000000000000000e+02 2.712299144876456403e+00
-8.010000000000000000e+02 2.581552770999544943e+00
-8.000000000000000000e+02 2.853115966449306651e+00
-7.990000000000000000e+02 2.623139597768462838e+00
-7.980000000000000000e+02 2.917789556566853904e+00
-7.970000000000000000e+02 2.620929442149007915e+00
-7.960000000000000000e+02 2.148892338888473308e+00
-7.950000000000000000e+02 2.497486361838147317e+00
-7.940000000000000000e+02 2.259305426634512504e+00
-7.930000000000000000e+02 2.730664592579942873e+00
-7.920000000000000000e+02 2.435300529790648483e+00
-7.910000000000000000e+02 2.525692151628218252e+00
-7.900000000000000000e+02 2.566245010821476047e+00
-7.890000000000000000e+02 2.505214495162318755e+00
-7.880000000000000000e+02 2.908402616062200519e+00
-7.870000000000000000e+02 2.378199777167734563e+00
-7.860000000000000000e+02 2.715755596882967193e+00
-7.850000000000000000e+02 2.667945462463828132e+00
-7.840000000000000000e+02 2.568994404301590428e+00
-7.830000000000000000e+02 2.503992709590302290e+00
-7.820000000000000000e+02 2.383784854789431140e+00
-7.810000000000000000e+02 2.593379674364800103e+00
-7.800000000000000000e+02 3.315421403813522350e+00
-7.790000000000000000e+02 2.616670026245407232e+00
-7.780000000000000000e+02 2.863690252512130829e+00
-7.770000000000000000e+02 2.553152671841097732e+00
-7.760000000000000000e+02 2.858343330460473286e+00
-7.750000000000000000e+02 3.057411987586632129e+00
-7.740000000000000000e+02 3.042731099644430337e+00
-7.730000000000000000e+02 2.856050513323794338e+00
-7.720000000000000000e+02 3.241584256737766623e+00
-7.710000000000000000e+02 3.039498522643646172e+00
-7.700000000000000000e+02 3.171942890673687288e+00
-7.690000000000000000e+02 3.428682595363172769e+00
-7.680000000000000000e+02 3.008150617799118187e+00
-7.670000000000000000e+02 3.367774199429310222e+00
-7.660000000000000000e+02 3.198894821407834765e+00
-7.650000000000000000e+02 2.571167471856280695e+00
-7.640000000000000000e+02 3.288303974632972970e+00
-7.630000000000000000e+02 3.556319050225459577e+00
-7.620000000000000000e+02 3.513554257542404802e+00
-7.610000000000000000e+02 3.432864542501129268e+00
-7.600000000000000000e+02 3.365823356878127726e+00
-7.590000000000000000e+02 3.252135577425252944e+00
-7.580000000000000000e+02 3.044006842300745141e+00
-7.570000000000000000e+02 3.497156871359857977e+00
-7.560000000000000000e+02 3.358165775180412815e+00
-7.550000000000000000e+02 3.508707339776699907e+00
-7.540000000000000000e+02 3.334420219181051248e+00
-7.530000000000000000e+02 2.956012815431135365e+00
-7.520000000000000000e+02 3.876763039894699059e+00
-7.510000000000000000e+02 3.719225576922683185e+00
-7.500000000000000000e+02 3.455647265662172174e+00
-7.490000000000000000e+02 3.961564536819411675e+00
-7.480000000000000000e+02 4.061577909707001055e+00
-7.470000000000000000e+02 4.291476240177893864e+00
-7.460000000000000000e+02 3.633069632911670510e+00
-7.450000000000000000e+02 3.310413571003728794e+00
-7.440000000000000000e+02 3.904014568813403585e+00
-7.430000000000000000e+02 4.188323131638248320e+00
-7.420000000000000000e+02 2.677790542002054686e+00
-7.410000000000000000e+02 3.315145842232028350e+00
-7.400000000000000000e+02 3.606019631516057977e+00
-7.390000000000000000e+02 3.452506266826385950e+00
-7.380000000000000000e+02 3.646675712680619519e+00
-7.370000000000000000e+02 3.459693169652818590e+00
-7.360000000000000000e+02 3.753083451741456411e+00
-7.350000000000000000e+02 4.404937432193555047e+00
-7.340000000000000000e+02 3.508173720470424417e+00
-7.330000000000000000e+02 3.760088567704198415e+00
-7.320000000000000000e+02 3.557915313158562576e+00
-7.310000000000000000e+02 4.021432065091662622e+00
-7.300000000000000000e+02 4.093376896462634917e+00
-7.290000000000000000e+02 3.979782969039690865e+00
-7.280000000000000000e+02 3.634564426341550192e+00
-7.270000000000000000e+02 3.617168464586220544e+00
-7.260000000000000000e+02 4.423035490183740315e+00
-7.250000000000000000e+02 4.108900347058235702e+00
-7.240000000000000000e+02 3.654402516224046771e+00
-7.230000000000000000e+02 3.938780956395627530e+00
-7.220000000000000000e+02 3.917820030494266081e+00
-7.210000000000000000e+02 4.081924972001514718e+00
-7.200000000000000000e+02 4.668328633387146098e+00
-7.190000000000000000e+02 4.853298873530701663e+00
-7.180000000000000000e+02 3.755267769148241452e+00
-7.170000000000000000e+02 4.341593109093286884e+00
-7.160000000000000000e+02 4.684284024448477801e+00
-7.150000000000000000e+02 4.120508738135080229e+00
-7.140000000000000000e+02 3.949013101162194506e+00
-7.130000000000000000e+02 4.391786788388484908e+00
-7.120000000000000000e+02 4.463863211304404999e+00
-7.110000000000000000e+02 4.991948661894761052e+00
-7.100000000000000000e+02 3.457093719185518221e+00
-7.090000000000000000e+02 4.798261975715012007e+00
-7.080000000000000000e+02 4.851717557610101927e+00
-7.070000000000000000e+02 5.521478421640811263e+00
-7.060000000000000000e+02 3.493664682913289798e+00
-7.050000000000000000e+02 5.246282538581199972e+00
-7.040000000000000000e+02 4.673722137195550630e+00
-7.030000000000000000e+02 4.518752064980443350e+00
-7.020000000000000000e+02 4.805452307556790537e+00
-7.010000000000000000e+02 5.885397426676206578e+00
-7.000000000000000000e+02 4.967938384429605669e+00
-6.990000000000000000e+02 4.856902284465115294e+00
-6.980000000000000000e+02 5.511128977947812757e+00
-6.970000000000000000e+02 5.030521838660135359e+00
-6.960000000000000000e+02 6.613324582869867463e+00
-6.950000000000000000e+02 6.344262997774161583e+00
-6.940000000000000000e+02 4.504426048560260298e+00
-6.930000000000000000e+02 5.127988052536904817e+00
-6.920000000000000000e+02 4.144178891787799301e+00
-6.910000000000000000e+02 5.153732779485634907e+00
-6.900000000000000000e+02 5.330416885619610134e+00
-6.890000000000000000e+02 5.446296362740051578e+00
-6.880000000000000000e+02 6.081300085303130487e+00
-6.870000000000000000e+02 4.963763749561294070e+00
-6.860000000000000000e+02 5.325372476032922187e+00
-6.850000000000000000e+02 6.073688880769991805e+00
-6.840000000000000000e+02 5.442198342052830817e+00
-6.830000000000000000e+02 5.545345418110063207e+00
-6.820000000000000000e+02 5.902383137048748729e+00
-6.810000000000000000e+02 5.215398711554943390e+00
-6.800000000000000000e+02 6.637074013048346544e+00
-6.790000000000000000e+02 5.589498929608904376e+00
-6.780000000000000000e+02 5.621819136969419262e+00
-6.770000000000000000e+02 6.458076385969562239e+00
-6.760000000000000000e+02 5.123698226064259842e+00
-6.750000000000000000e+02 4.827158589105327025e+00
-6.740000000000000000e+02 5.579061880271266816e+00
-6.730000000000000000e+02 6.106008041995186097e+00
-6.720000000000000000e+02 4.849909888327506913e+00
-6.710000000000000000e+02 4.742503829322951781e+00
-6.700000000000000000e+02 6.002602583927020952e+00
-6.690000000000000000e+02 4.201227059595429303e+00
-6.680000000000000000e+02 5.143551372058895232e+00
-6.670000000000000000e+02 4.531095119826756168e+00
-6.660000000000000000e+02 4.049080700966762869e+00
-6.650000000000000000e+02 4.192796489092345702e+00
-6.640000000000000000e+02 4.898238487619225978e+00
-6.630000000000000000e+02 4.422608883949531666e+00
-6.620000000000000000e+02 4.791519680834023909e+00
-6.610000000000000000e+02 5.225907341481584645e+00
-6.600000000000000000e+02 4.806595029304209454e+00
-6.590000000000000000e+02 4.486657544614808479e+00
-6.580000000000000000e+02 4.886838170432721284e+00
-6.570000000000000000e+02 5.235352148904945047e+00
-6.560000000000000000e+02 5.098299738375530410e+00
-6.550000000000000000e+02 4.646217819033264362e+00
-6.540000000000000000e+02 4.879138785901576014e+00
-6.530000000000000000e+02 5.219186705534545112e+00
-6.520000000000000000e+02 4.604848397033360463e+00
-6.510000000000000000e+02 4.493143271110067616e+00
-6.500000000000000000e+02 4.484109090770735939e+00
-6.490000000000000000e+02 4.285564465825795644e+00
-6.480000000000000000e+02 4.923503636516178616e+00
-6.470000000000000000e+02 4.040246668637208494e+00
-6.460000000000000000e+02 4.318875502464541327e+00
-6.450000000000000000e+02 4.353486398811576841e+00
-6.440000000000000000e+02 5.008961675586839135e+00
-6.430000000000000000e+02 4.463103691814671592e+00
-6.420000000000000000e+02 5.143081285298346295e+00
-6.410000000000000000e+02 4.236723373417058625e+00
-6.400000000000000000e+02 4.856775610409436617e+00
-6.390000000000000000e+02 4.229651151963062183e+00
-6.380000000000000000e+02 4.137659749693405331e+00
-6.370000000000000000e+02 4.290645272545918765e+00
-6.360000000000000000e+02 4.656051276148113871e+00
-6.350000000000000000e+02 4.899560956028119918e+00
-6.340000000000000000e+02 4.969485160697932002e+00
-6.330000000000000000e+02 4.589127486255250687e+00
-6.320000000000000000e+02 5.066182425698977809e+00
-6.310000000000000000e+02 5.182013338813480807e+00
-6.300000000000000000e+02 5.051765893721359646e+00
-6.290000000000000000e+02 4.611306087725253633e+00
-6.280000000000000000e+02 4.604133334993398385e+00
-6.270000000000000000e+02 4.352631724805894997e+00
-6.260000000000000000e+02 3.850533093919960237e+00
-6.250000000000000000e+02 4.742351281412370057e+00
-6.240000000000000000e+02 4.767563738379458904e+00
-6.230000000000000000e+02 3.499750817941668757e+00
-6.220000000000000000e+02 4.914465652523045236e+00
-6.210000000000000000e+02 4.336675619388165259e+00
-6.200000000000000000e+02 4.092147788966849831e+00
-6.190000000000000000e+02 4.307061085365607944e+00
-6.180000000000000000e+02 4.952656843608347792e+00
-6.170000000000000000e+02 4.869978111459602133e+00
-6.160000000000000000e+02 4.022832922269233613e+00
-6.150000000000000000e+02 4.175983704122868012e+00
-6.140000000000000000e+02 4.954374618280791509e+00
-6.130000000000000000e+02 4.556673768132585067e+00
-6.120000000000000000e+02 5.276600597061768205e+00
-6.110000000000000000e+02 3.671995873657613707e+00
-6.100000000000000000e+02 4.812092097225432852e+00
-6.090000000000000000e+02 4.324501867947999401e+00
-6.080000000000000000e+02 4.995566267927598503e+00
-6.070000000000000000e+02 4.859216008325834224e+00
-6.060000000000000000e+02 4.831668735985906515e+00
-6.050000000000000000e+02 5.322441262974407117e+00
-6.040000000000000000e+02 4.036476410041462515e+00
-6.030000000000000000e+02 4.574265826977532257e+00
-6.020000000000000000e+02 4.835040954108722921e+00
-6.010000000000000000e+02 4.841366341074476942e+00
-6.000000000000000000e+02 5.158349101252074576e+00
-5.990000000000000000e+02 3.489670616780869761e+00
-5.980000000000000000e+02 5.388802178647080332e+00
-5.970000000000000000e+02 4.475604718249966751e+00
-5.960000000000000000e+02 4.809661420143238608e+00
-5.950000000000000000e+02 4.530356000568916741e+00
-5.940000000000000000e+02 4.705231490571262221e+00
-5.930000000000000000e+02 5.017803705289738403e+00
-5.920000000000000000e+02 5.308969344721644390e+00
-5.910000000000000000e+02 4.053747668824762229e+00
-5.900000000000000000e+02 4.839141905542981625e+00
-5.890000000000000000e+02 4.807150772769026581e+00
-5.880000000000000000e+02 4.012822590865340544e+00
-5.870000000000000000e+02 4.295729547119459646e+00
-5.860000000000000000e+02 4.086497807279636518e+00
-5.850000000000000000e+02 4.293635585234498286e+00
-5.840000000000000000e+02 4.384054953859878978e+00
-5.830000000000000000e+02 5.032652453720834806e+00
-5.820000000000000000e+02 3.914127132808447485e+00
-5.810000000000000000e+02 4.466922096034966039e+00
-5.800000000000000000e+02 4.484390483906419256e+00
-5.790000000000000000e+02 4.953655199534529707e+00
-5.780000000000000000e+02 4.238610172174444912e+00
-5.770000000000000000e+02 3.985094678772149290e+00
-5.760000000000000000e+02 4.140849037609820371e+00
-5.750000000000000000e+02 4.620278946798626052e+00
-5.740000000000000000e+02 5.275940647921697924e+00
-5.730000000000000000e+02 4.340100776925511994e+00
-5.720000000000000000e+02 4.225639926852336359e+00
-5.710000000000000000e+02 5.236832502992484706e+00
-5.700000000000000000e+02 5.086398047049081939e+00
-5.690000000000000000e+02 5.218047816345900536e+00
-5.680000000000000000e+02 4.331518074352773695e+00
-5.670000000000000000e+02 4.903653139721193988e+00
-5.660000000000000000e+02 4.414091463168754004e+00
-5.650000000000000000e+02 4.294569616610533380e+00
-5.640000000000000000e+02 3.830579853356113951e+00
-5.630000000000000000e+02 4.911992214500023657e+00
-5.620000000000000000e+02 4.475887520386130802e+00
-5.610000000000000000e+02 4.136168063767329706e+00
-5.600000000000000000e+02 4.872901678950222859e+00
-5.590000000000000000e+02 5.020536092278087281e+00
-5.580000000000000000e+02 3.991933778979821046e+00
-5.570000000000000000e+02 4.741320800302210259e+00
-5.560000000000000000e+02 4.799278990770487141e+00
-5.550000000000000000e+02 4.558328559837340421e+00
-5.540000000000000000e+02 4.385078421766313461e+00
-5.530000000000000000e+02 4.171560881000415222e+00
-5.520000000000000000e+02 3.430898534005820899e+00
-5.510000000000000000e+02 4.407831780411117784e+00
-5.500000000000000000e+02 4.719914709665220087e+00
-5.490000000000000000e+02 3.636727093206659323e+00
-5.480000000000000000e+02 4.521120157247938920e+00
-5.470000000000000000e+02 4.865290328092727101e+00
-5.460000000000000000e+02 4.011847251918492674e+00
-5.450000000000000000e+02 4.495324753048291377e+00
-5.440000000000000000e+02 4.271598538355672936e+00
-5.430000000000000000e+02 4.174182934606398554e+00
-5.420000000000000000e+02 4.165900012069612579e+00
-5.410000000000000000e+02 5.028280088981695428e+00
-5.400000000000000000e+02 5.226063039561868351e+00
-5.390000000000000000e+02 5.170233809349583431e+00
-5.380000000000000000e+02 5.248876473201919524e+00
-5.370000000000000000e+02 4.946800899766601312e+00
-5.360000000000000000e+02 4.624415446477320835e+00
-5.350000000000000000e+02 5.411364048622997913e+00
-5.340000000000000000e+02 4.240817226341551560e+00
-5.330000000000000000e+02 5.670066466092631430e+00
-5.320000000000000000e+02 4.355199277522119772e+00
-5.310000000000000000e+02 5.443997753694818975e+00
-5.300000000000000000e+02 4.444973096051126227e+00
-5.290000000000000000e+02 4.384175112762215498e+00
-5.280000000000000000e+02 4.728919212145545004e+00
-5.270000000000000000e+02 4.883807434406651105e+00
-5.260000000000000000e+02 4.943023990894912956e+00
-5.250000000000000000e+02 4.419933878958293150e+00
-5.240000000000000000e+02 4.860686775387295988e+00
-5.230000000000000000e+02 4.584881076414100143e+00
-5.220000000000000000e+02 4.162970103808049771e+00
-5.210000000000000000e+02 4.897062358745120747e+00
-5.200000000000000000e+02 4.512480409373472945e+00
-5.190000000000000000e+02 4.596076701006302834e+00
-5.180000000000000000e+02 4.372494592719285755e+00
-5.170000000000000000e+02 4.605356841698525550e+00
-5.160000000000000000e+02 4.950612321157497497e+00
-5.150000000000000000e+02 4.886552847649528353e+00
-5.140000000000000000e+02 4.709274862785733262e+00
-5.130000000000000000e+02 3.480971537637004509e+00
-5.120000000000000000e+02 4.632315816227958294e+00
-5.110000000000000000e+02 3.962360495676416683e+00
-5.100000000000000000e+02 4.155295954055195473e+00
-5.090000000000000000e+02 4.543973271607575803e+00
-5.080000000000000000e+02 4.336017463275943840e+00
-5.070000000000000000e+02 4.775863528342283004e+00
-5.060000000000000000e+02 5.051202243127835168e+00
-5.050000000000000000e+02 4.732368612035728894e+00
-5.040000000000000000e+02 4.575370284125042097e+00
-5.030000000000000000e+02 4.603132525522596552e+00
-5.020000000000000000e+02 4.311629312316522800e+00
-5.010000000000000000e+02 4.761276676080923309e+00
-5.000000000000000000e+02 4.442595987945946234e+00
-4.990000000000000000e+02 4.180510059268867984e+00
-4.980000000000000000e+02 4.834971748948059478e+00
-4.970000000000000000e+02 4.786744391205061788e+00
-4.960000000000000000e+02 4.763886283863282500e+00
-4.950000000000000000e+02 4.277890359681657984e+00
-4.940000000000000000e+02 4.572333887168278821e+00
-4.930000000000000000e+02 4.580544050566017766e+00
-4.920000000000000000e+02 4.138659557232115205e+00
-4.910000000000000000e+02 4.741153296336407585e+00
-4.900000000000000000e+02 4.308854543935644266e+00
-4.890000000000000000e+02 5.049216870612158736e+00
-4.880000000000000000e+02 4.687795386518087248e+00
-4.870000000000000000e+02 5.699326045848269295e+00
-4.860000000000000000e+02 4.949894728451951664e+00
-4.850000000000000000e+02 4.636450328695867817e+00
-4.840000000000000000e+02 4.237285472911414885e+00
-4.830000000000000000e+02 4.254943368701786355e+00
-4.820000000000000000e+02 5.222587260008747734e+00
-4.810000000000000000e+02 3.790372957244031227e+00
-4.800000000000000000e+02 4.254415964716049103e+00
-4.790000000000000000e+02 5.310765115135501979e+00
-4.780000000000000000e+02 4.383353048285586695e+00
-4.770000000000000000e+02 4.882331387368878062e+00
-4.760000000000000000e+02 5.242012654091304569e+00
-4.750000000000000000e+02 4.897571565969736085e+00
-4.740000000000000000e+02 4.866934862642704474e+00
-4.730000000000000000e+02 4.792264442930714630e+00
-4.720000000000000000e+02 4.568020502453455478e+00
-4.710000000000000000e+02 4.151488025180769093e+00
-4.700000000000000000e+02 3.844890186514618335e+00
-4.690000000000000000e+02 5.106868780567033639e+00
-4.680000000000000000e+02 4.883339158732972862e+00
-4.670000000000000000e+02 4.499187545999471460e+00
-4.660000000000000000e+02 5.139947555783877853e+00
-4.650000000000000000e+02 5.175861029799885493e+00
-4.640000000000000000e+02 5.018679770894795666e+00
-4.630000000000000000e+02 4.474926185840941706e+00
-4.620000000000000000e+02 4.772157470015835123e+00
-4.610000000000000000e+02 5.045160764967473455e+00
-4.600000000000000000e+02 5.061426562076037250e+00
-4.590000000000000000e+02 4.711657836200808802e+00
-4.580000000000000000e+02 4.316593484744621456e+00
-4.570000000000000000e+02 5.003701524944372814e+00
-4.560000000000000000e+02 4.869312966608129400e+00
-4.550000000000000000e+02 5.103252047456420470e+00
-4.540000000000000000e+02 4.603507501256646428e+00
-4.530000000000000000e+02 4.448436951934074735e+00
-4.520000000000000000e+02 3.743256530053255648e+00
-4.510000000000000000e+02 4.307607500710055604e+00
-4.500000000000000000e+02 3.934947456361721052e+00
-4.490000000000000000e+02 4.645742031616143741e+00
-4.480000000000000000e+02 3.811038841078016937e+00
-4.470000000000000000e+02 4.454114357318634809e+00
-4.460000000000000000e+02 5.162642152638538207e+00
-4.450000000000000000e+02 5.529085377238270205e+00
-4.440000000000000000e+02 5.529679468308073886e+00
-4.430000000000000000e+02 3.756893114425832625e+00
-4.420000000000000000e+02 4.106660277748819254e+00
-4.410000000000000000e+02 5.173843520579522348e+00
-4.400000000000000000e+02 4.816251392156296163e+00
-4.390000000000000000e+02 4.718210258114727829e+00
-4.380000000000000000e+02 5.965975089322619773e+00
-4.370000000000000000e+02 4.398953552654787380e+00
-4.360000000000000000e+02 4.684670692044681672e+00
-4.350000000000000000e+02 4.822386115551450025e+00
-4.340000000000000000e+02 4.241335603548490596e+00
-4.330000000000000000e+02 4.934508586322760237e+00
-4.320000000000000000e+02 4.570162707254826984e+00
-4.310000000000000000e+02 4.717277494899764001e+00
-4.300000000000000000e+02 4.413548775525102386e+00
-4.290000000000000000e+02 4.963725888249499896e+00
-4.280000000000000000e+02 4.814787112211843301e+00
-4.270000000000000000e+02 5.270480470340849877e+00
-4.260000000000000000e+02 4.217418861980677391e+00
-4.250000000000000000e+02 5.125116811329430533e+00
-4.240000000000000000e+02 4.606418952152918855e+00
-4.230000000000000000e+02 4.284592788421760723e+00
-4.220000000000000000e+02 3.947065921371366137e+00
-4.210000000000000000e+02 4.448469210445527011e+00
-4.200000000000000000e+02 4.944946835388574158e+00
-4.190000000000000000e+02 4.413492407733954792e+00
-4.180000000000000000e+02 4.234719737233107573e+00
-4.170000000000000000e+02 4.907677300948346755e+00
-4.160000000000000000e+02 4.061438848701038218e+00
-4.150000000000000000e+02 4.161536007320789210e+00
-4.140000000000000000e+02 4.829279402042474523e+00
-4.130000000000000000e+02 4.302057738653457974e+00
-4.120000000000000000e+02 5.080881695634015038e+00
-4.110000000000000000e+02 4.577464591576426933e+00
-4.100000000000000000e+02 4.113231349576848217e+00
-4.090000000000000000e+02 3.486990483153983078e+00
-4.080000000000000000e+02 4.851270125620896323e+00
-4.070000000000000000e+02 5.033884358324193009e+00
-4.060000000000000000e+02 5.943360094358753898e+00
-4.050000000000000000e+02 4.634005739456824813e+00
-4.040000000000000000e+02 4.221863992415655353e+00
-4.030000000000000000e+02 5.318018761592769650e+00
-4.020000000000000000e+02 4.778993431756034305e+00
-4.010000000000000000e+02 4.569649021896117880e+00
-4.000000000000000000e+02 4.066758155858689605e+00
-3.990000000000000000e+02 3.883073386124153092e+00
-3.980000000000000000e+02 4.443561957716496202e+00
-3.970000000000000000e+02 3.994693385419113785e+00
-3.960000000000000000e+02 5.046238671121185959e+00
-3.950000000000000000e+02 4.629542298911655251e+00
-3.940000000000000000e+02 4.220838790375402994e+00
-3.930000000000000000e+02 4.233246930196212787e+00
-3.920000000000000000e+02 4.763796764320922250e+00
-3.910000000000000000e+02 4.758817952996755807e+00
-3.900000000000000000e+02 5.778343457829286045e+00
-3.890000000000000000e+02 4.959346426813672437e+00
-3.880000000000000000e+02 3.534347498722671954e+00
-3.870000000000000000e+02 4.147587934913285146e+00
-3.860000000000000000e+02 4.921401571172134837e+00
-3.850000000000000000e+02 5.110552258830727723e+00
-3.840000000000000000e+02 5.819369779197627324e+00
-3.830000000000000000e+02 3.844819874710712071e+00
-3.820000000000000000e+02 5.172486457960945749e+00
-3.810000000000000000e+02 4.037343467840356581e+00
-3.800000000000000000e+02 4.989360235110924968e+00
-3.790000000000000000e+02 5.253150871384909770e+00
-3.780000000000000000e+02 4.660885603034118141e+00
-3.770000000000000000e+02 5.693977325899936659e+00
-3.760000000000000000e+02 4.755276932089889996e+00
-3.750000000000000000e+02 4.764199718647462944e+00
-3.740000000000000000e+02 5.493286690844029430e+00
-3.730000000000000000e+02 4.383712946998532090e+00
-3.720000000000000000e+02 4.958417009047577650e+00
-3.710000000000000000e+02 4.354942856975669407e+00
-3.700000000000000000e+02 5.435238419155887790e+00
-3.690000000000000000e+02 4.618858390228949062e+00
-3.680000000000000000e+02 4.703679899456345126e+00
-3.670000000000000000e+02 4.051963892797910916e+00
-3.660000000000000000e+02 3.609809974587922632e+00
-3.650000000000000000e+02 5.358161164965679291e+00
-3.640000000000000000e+02 5.096461936847214602e+00
-3.630000000000000000e+02 5.088171497443831015e+00
-3.620000000000000000e+02 4.252854796893180023e+00
-3.610000000000000000e+02 4.755488806754716968e+00
-3.600000000000000000e+02 4.663053112501533093e+00
-3.590000000000000000e+02 4.775457788137547510e+00
-3.580000000000000000e+02 4.509232224405835154e+00
-3.570000000000000000e+02 4.596262705709854401e+00
-3.560000000000000000e+02 5.267973984339001881e+00
-3.550000000000000000e+02 4.712832969613462986e+00
-3.540000000000000000e+02 4.065211531933442757e+00
-3.530000000000000000e+02 4.819879449403348559e+00
-3.520000000000000000e+02 4.843841822157197718e+00
-3.510000000000000000e+02 5.252528601067149694e+00
-3.500000000000000000e+02 4.485782398658846759e+00
-3.490000000000000000e+02 4.627234808963424761e+00
-3.480000000000000000e+02 4.996424524624548447e+00
-3.470000000000000000e+02 3.927707689784856626e+00
-3.460000000000000000e+02 4.461345710724232028e+00
-3.450000000000000000e+02 4.437714359016669441e+00
-3.440000000000000000e+02 5.754659253683907849e+00
-3.430000000000000000e+02 5.109055714046758290e+00
-3.420000000000000000e+02 5.451666542543598837e+00
-3.410000000000000000e+02 4.844735253028769506e+00
-3.400000000000000000e+02 6.394254676303826379e+00
-3.390000000000000000e+02 5.959002805616663068e+00
-3.380000000000000000e+02 5.288279703235314599e+00
-3.370000000000000000e+02 4.687323896009019109e+00
-3.360000000000000000e+02 5.370136790996433263e+00
-3.350000000000000000e+02 5.154090460906907367e+00
-3.340000000000000000e+02 5.708314678778097395e+00
-3.330000000000000000e+02 5.254044035338080398e+00
-3.320000000000000000e+02 4.555447392869968581e+00
-3.310000000000000000e+02 5.441848838225880058e+00
-3.300000000000000000e+02 5.785456346292328966e+00
-3.290000000000000000e+02 5.580138962143198711e+00
-3.280000000000000000e+02 6.002724751964574779e+00
-3.270000000000000000e+02 5.492700026052623308e+00
-3.260000000000000000e+02 6.234705963210833701e+00
-3.250000000000000000e+02 4.810664540466627059e+00
-3.240000000000000000e+02 5.326753384433296823e+00
-3.230000000000000000e+02 5.866301702975865062e+00
-3.220000000000000000e+02 5.842383644750453797e+00
-3.210000000000000000e+02 5.925259663931116805e+00
-3.200000000000000000e+02 5.963897728354560002e+00
-3.190000000000000000e+02 5.992626198611536559e+00
-3.180000000000000000e+02 5.655412907274194545e+00
-3.170000000000000000e+02 5.857130543061616734e+00
-3.160000000000000000e+02 5.352332539859376404e+00
-3.150000000000000000e+02 5.928035536239461223e+00
-3.140000000000000000e+02 4.989674251506597713e+00
-3.130000000000000000e+02 4.577934666955173704e+00
-3.120000000000000000e+02 5.160496919203164445e+00
-3.110000000000000000e+02 5.333897761906612800e+00
-3.100000000000000000e+02 5.705845372383000047e+00
-3.090000000000000000e+02 4.808939979841853507e+00
-3.080000000000000000e+02 4.806268245125434824e+00
-3.070000000000000000e+02 5.313463507948739561e+00
-3.060000000000000000e+02 4.971285983609783798e+00
-3.050000000000000000e+02 5.851017710107657699e+00
-3.040000000000000000e+02 5.079303436156648033e+00
-3.030000000000000000e+02 4.532035466204725083e+00
-3.020000000000000000e+02 3.973250578796769794e+00
-3.010000000000000000e+02 5.768781828833067671e+00
-3.000000000000000000e+02 4.719349621406838224e+00
-2.990000000000000000e+02 4.334629871371510568e+00
-2.980000000000000000e+02 5.279518657237555423e+00
-2.970000000000000000e+02 5.002607117696471484e+00
-2.960000000000000000e+02 5.937700671246225248e+00
-2.950000000000000000e+02 4.807800182140702816e+00
-2.940000000000000000e+02 5.179759138278885899e+00
-2.930000000000000000e+02 6.082702257969527793e+00
-2.920000000000000000e+02 4.337992322588074323e+00
-2.910000000000000000e+02 5.558354279783935148e+00
-2.900000000000000000e+02 4.483705934233841006e+00
-2.890000000000000000e+02 4.770305275671677059e+00
-2.880000000000000000e+02 5.618157444465513350e+00
-2.870000000000000000e+02 4.706001049985990115e+00
-2.860000000000000000e+02 4.943165878268656499e+00
-2.850000000000000000e+02 4.498045215313037914e+00
-2.840000000000000000e+02 4.860781421849879713e+00
-2.830000000000000000e+02 4.608340692162689045e+00
-2.820000000000000000e+02 5.981097631659222813e+00
-2.810000000000000000e+02 4.596351199932320775e+00
-2.800000000000000000e+02 4.876722740230690079e+00
-2.790000000000000000e+02 5.074484691517477941e+00
-2.780000000000000000e+02 4.401779285754866322e+00
-2.770000000000000000e+02 4.982725200419680256e+00
-2.760000000000000000e+02 4.741938697341739228e+00
-2.750000000000000000e+02 4.698134269275663577e+00
-2.740000000000000000e+02 4.155944239499356208e+00
-2.730000000000000000e+02 3.620558414413661552e+00
-2.720000000000000000e+02 6.035494000639437751e+00
-2.710000000000000000e+02 4.277990665031056849e+00
-2.700000000000000000e+02 4.634853233177896215e+00
-2.690000000000000000e+02 4.129187246936118605e+00
-2.680000000000000000e+02 4.980464446673669165e+00
-2.670000000000000000e+02 4.853405038908168656e+00
-2.660000000000000000e+02 5.477993987141471344e+00
-2.650000000000000000e+02 4.448078687540965248e+00
-2.640000000000000000e+02 4.395886077235413580e+00
-2.630000000000000000e+02 4.509823748153241496e+00
-2.620000000000000000e+02 5.185820854214406417e+00
-2.610000000000000000e+02 4.497813628321547519e+00
-2.600000000000000000e+02 4.405250615849586993e+00
-2.590000000000000000e+02 4.588423576197768305e+00
-2.580000000000000000e+02 4.699553842552552041e+00
-2.570000000000000000e+02 4.886359846178866206e+00
-2.560000000000000000e+02 4.404125993062392830e+00
-2.550000000000000000e+02 5.246344712912094366e+00
-2.540000000000000000e+02 4.662046753130670851e+00
-2.530000000000000000e+02 4.409350986299662267e+00
-2.520000000000000000e+02 4.699690023029799768e+00
-2.510000000000000000e+02 4.301794700260030524e+00
-2.500000000000000000e+02 4.697133612462772945e+00
-2.490000000000000000e+02 4.217858418620419769e+00
-2.480000000000000000e+02 3.980890999606859992e+00
-2.470000000000000000e+02 4.212203536266441617e+00
-2.460000000000000000e+02 3.848965280889593998e+00
-2.450000000000000000e+02 3.655839471381444383e+00
-2.440000000000000000e+02 4.000803228328096317e+00
-2.430000000000000000e+02 3.323146722460830649e+00
-2.420000000000000000e+02 4.038646738315850193e+00
-2.410000000000000000e+02 3.643105849507023208e+00
-2.400000000000000000e+02 3.900074928148852038e+00
-2.390000000000000000e+02 3.196832694319187596e+00
-2.380000000000000000e+02 3.254809728800744484e+00
-2.370000000000000000e+02 2.816322395289880820e+00
-2.360000000000000000e+02 3.237264561257851447e+00
-2.350000000000000000e+02 3.242184837386195007e+00
-2.340000000000000000e+02 2.718347288078609481e+00
-2.330000000000000000e+02 3.243050383284337368e+00
-2.320000000000000000e+02 2.850382132831778215e+00
-2.310000000000000000e+02 3.075661294509523636e+00
-2.300000000000000000e+02 3.167771595421299047e+00
-2.290000000000000000e+02 2.977864177020025593e+00
-2.280000000000000000e+02 2.804396089050712249e+00
-2.270000000000000000e+02 2.981444173946228293e+00
-2.260000000000000000e+02 2.808635493280006390e+00
-2.250000000000000000e+02 3.059497983368921314e+00
-2.240000000000000000e+02 2.998061414118788903e+00
-2.230000000000000000e+02 2.924576516923504954e+00
-2.220000000000000000e+02 3.251659892420689868e+00
-2.210000000000000000e+02 2.791210189474422787e+00
-2.200000000000000000e+02 2.965137009682130120e+00
-2.190000000000000000e+02 2.587444603256788156e+00
-2.180000000000000000e+02 2.741395862689762541e+00
-2.170000000000000000e+02 2.895276775564151528e+00
-2.160000000000000000e+02 3.449940830655645385e+00
-2.150000000000000000e+02 2.893462509756926426e+00
-2.140000000000000000e+02 3.081261678656633141e+00
-2.130000000000000000e+02 2.505493129242541084e+00
-2.120000000000000000e+02 3.090634653871564108e+00
-2.110000000000000000e+02 2.587801757678577452e+00
-2.100000000000000000e+02 2.494277617802696856e+00
-2.090000000000000000e+02 3.036375813597167017e+00
-2.080000000000000000e+02 2.930994052999191357e+00
-2.070000000000000000e+02 3.443514787711347225e+00
-2.060000000000000000e+02 2.919705779824652847e+00
-2.050000000000000000e+02 2.341911744163050813e+00
-2.040000000000000000e+02 2.499651973697141205e+00
-2.030000000000000000e+02 2.494297607239677639e+00
-2.020000000000000000e+02 2.204256763247754325e+00
-2.010000000000000000e+02 2.723026429756522315e+00
-2.000000000000000000e+02 3.126256725379867429e+00
-1.990000000000000000e+02 2.742073701555871157e+00
-1.980000000000000000e+02 3.131440069254357805e+00
-1.970000000000000000e+02 3.010631285994032957e+00
-1.960000000000000000e+02 2.771536344110704597e+00
-1.950000000000000000e+02 3.174976132793225769e+00
-1.940000000000000000e+02 3.096628723865040733e+00
-1.930000000000000000e+02 2.969188275422136147e+00
-1.920000000000000000e+02 3.302610563142817757e+00
-1.910000000000000000e+02 2.948586156439107597e+00
-1.900000000000000000e+02 2.718618328817262952e+00
-1.890000000000000000e+02 2.673658366770873762e+00
-1.880000000000000000e+02 2.301546524599700216e+00
-1.870000000000000000e+02 3.070607250807152244e+00
-1.860000000000000000e+02 2.562036289683846668e+00
-1.850000000000000000e+02 2.648176109367828435e+00
-1.840000000000000000e+02 2.709003440999058210e+00
-1.830000000000000000e+02 2.605487421527408198e+00
-1.820000000000000000e+02 2.830270073016134980e+00
-1.810000000000000000e+02 3.109137822092262748e+00
-1.800000000000000000e+02 2.990836984698725054e+00
-1.790000000000000000e+02 2.898007964601364783e+00
-1.780000000000000000e+02 2.455461644365085849e+00
-1.770000000000000000e+02 2.383588737788219891e+00
-1.760000000000000000e+02 2.768320699766154025e+00
-1.750000000000000000e+02 2.850037601541576482e+00
-1.740000000000000000e+02 2.863166989185570888e+00
-1.730000000000000000e+02 2.922181031276000596e+00
-1.720000000000000000e+02 2.466715917295470017e+00
-1.710000000000000000e+02 3.050000105753329027e+00
-1.700000000000000000e+02 2.526416490247172408e+00
-1.690000000000000000e+02 2.648951704954259245e+00
-1.680000000000000000e+02 2.347207532872428892e+00
-1.670000000000000000e+02 2.707119912886278623e+00
-1.660000000000000000e+02 2.737125761084473030e+00
-1.650000000000000000e+02 2.852634920336589275e+00
-1.640000000000000000e+02 3.205060805573518135e+00
-1.630000000000000000e+02 2.051689933857653525e+00
-1.620000000000000000e+02 3.298268443788878734e+00
-1.610000000000000000e+02 2.375158090863294547e+00
-1.600000000000000000e+02 2.422843410625760807e+00
-1.590000000000000000e+02 2.967949133365310743e+00
-1.580000000000000000e+02 2.799279990340965973e+00
-1.570000000000000000e+02 2.544560654565975355e+00
-1.560000000000000000e+02 2.583635877076774001e+00
-1.550000000000000000e+02 2.753037393952431522e+00
-1.540000000000000000e+02 3.237092870490800856e+00
-1.530000000000000000e+02 2.991337838206952426e+00
-1.520000000000000000e+02 2.782187441110612447e+00
-1.510000000000000000e+02 2.725903057607351521e+00
-1.500000000000000000e+02 3.124449174704012844e+00
