-8.510000000000000000e+02 2.542258047034938517e+00
-8.500000000000000000e+02 2.543971399327152216e+00
-8.490000000000000000e+02 2.545766418635943662e+00
-8.480000000000000000e+02 2.547867506530037129e+00
-8.470000000000000000e+02 2.549806054354260443e+00
-8.460000000000000000e+02 2.551673385612832412e+00
-8.450000000000000000e+02 2.553406696999475312e+00
-8.440000000000000000e+02 2.555551272697458298e+00
-8.430000000000000000e+02 2.557623454992501433e+00
-8.420000000000000000e+02 2.559544139718086697e+00
-8.410000000000000000e+02 2.561453386934451792e+00
-8.400000000000000000e+02 2.563576553673747149e+00
-8.390000000000000000e+02 2.565166934353513728e+00
-8.380000000000000000e+02 2.567157857774262197e+00
-8.370000000000000000e+02 2.569049432572251934e+00
-8.360000000000000000e+02 2.570805196695352013e+00
-8.350000000000000000e+02 2.572821931741922974e+00
-8.340000000000000000e+02 2.574492008843797919e+00
-8.330000000000000000e+02 2.576446071272820326e+00
-8.320000000000000000e+02 2.578473485757717398e+00
-8.310000000000000000e+02 2.580273898436515001e+00
-8.300000000000000000e+02 2.582271340909496615e+00
-8.290000000000000000e+02 2.584151634950258902e+00
-8.280000000000000000e+02 2.585946396812644821e+00
-8.270000000000000000e+02 2.587912761019264263e+00
-8.260000000000000000e+02 2.589977027776741103e+00
-8.250000000000000000e+02 2.591745962632225897e+00
-8.240000000000000000e+02 2.593575953587386795e+00
-8.230000000000000000e+02 2.595610214784631609e+00
-8.220000000000000000e+02 2.597375082575334559e+00
-8.210000000000000000e+02 2.599156884473698526e+00
-8.200000000000000000e+02 2.601449231122161532e+00
-8.190000000000000000e+02 2.602995682375503161e+00
-8.180000000000000000e+02 2.604897399017283455e+00
-8.170000000000000000e+02 2.606609971097689105e+00
-8.160000000000000000e+02 2.608626988293440085e+00
-8.150000000000000000e+02 2.610464264416594293e+00
-8.140000000000000000e+02 2.612176100069053764e+00
-8.130000000000000000e+02 2.614000690232226365e+00
-8.120000000000000000e+02 2.615783432646343165e+00
-8.110000000000000000e+02 2.618094477666859987e+00
-8.100000000000000000e+02 2.619805284891497443e+00
-8.090000000000000000e+02 2.621750327324727792e+00
-8.080000000000000000e+02 2.623538700917519950e+00
-8.070000000000000000e+02 2.625202134839448753e+00
-8.060000000000000000e+02 2.626901369058448843e+00
-8.050000000000000000e+02 2.628781774091951018e+00
-8.040000000000000000e+02 2.630905842902399705e+00
-8.030000000000000000e+02 2.632599780381325694e+00
-8.020000000000000000e+02 2.634102531557882987e+00
-8.010000000000000000e+02 2.635788590766911632e+00
-8.000000000000000000e+02 2.638148232495837853e+00
-7.990000000000000000e+02 2.640240109258173984e+00
-7.980000000000000000e+02 2.642026715700524608e+00
-7.970000000000000000e+02 2.643680393445359655e+00
-7.960000000000000000e+02 2.645462025690236807e+00
-7.950000000000000000e+02 2.646963685640933761e+00
-7.940000000000000000e+02 2.648805070818798679e+00
-7.930000000000000000e+02 2.650971874480938961e+00
-7.920000000000000000e+02 2.652861762240995347e+00
-7.910000000000000000e+02 2.654439127778885688e+00
-7.900000000000000000e+02 2.655974372136987061e+00
-7.890000000000000000e+02 2.657977680347547889e+00
-7.880000000000000000e+02 2.659617979815245281e+00
-7.870000000000000000e+02 2.661267725871533152e+00
-7.860000000000000000e+02 2.663255727500565939e+00
-7.850000000000000000e+02 2.665219392760710182e+00
-7.840000000000000000e+02 2.666991978026613808e+00
-7.830000000000000000e+02 2.668780093279840226e+00
-7.820000000000000000e+02 2.670478353915429537e+00
-7.810000000000000000e+02 2.672520292286476362e+00
-7.800000000000000000e+02 2.674054518952939219e+00
-7.790000000000000000e+02 2.675962181136235962e+00
-7.780000000000000000e+02 2.677614132795856694e+00
-7.770000000000000000e+02 2.682653952658282659e+00
-7.760000000000000000e+02 2.719577724970024146e+00
-7.750000000000000000e+02 2.763926016891629089e+00
-7.740000000000000000e+02 2.807407210039185141e+00
-7.730000000000000000e+02 2.847678488831438592e+00
-7.720000000000000000e+02 2.891381689389303844e+00
-7.710000000000000000e+02 2.932599354391185464e+00
-7.700000000000000000e+02 2.975886998398147743e+00
-7.690000000000000000e+02 3.020175681485758101e+00
-7.680000000000000000e+02 3.060926829694244677e+00
-7.670000000000000000e+02 3.101042215624382425e+00
-7.660000000000000000e+02 3.141155058909451903e+00
-7.650000000000000000e+02 3.182336460899047204e+00
-7.640000000000000000e+02 3.223528135880359358e+00
-7.630000000000000000e+02 3.263771271189964018e+00
-7.620000000000000000e+02 3.306717813523129212e+00
-7.610000000000000000e+02 3.346539431431214684e+00
-7.600000000000000000e+02 3.383113174675075108e+00
-7.590000000000000000e+02 3.424749489229852450e+00
-7.580000000000000000e+02 3.462429449540952664e+00
-7.570000000000000000e+02 3.503385097554903460e+00
-7.560000000000000000e+02 3.541136736236133231e+00
-7.550000000000000000e+02 3.581734077234860703e+00
-7.540000000000000000e+02 3.619832211932482835e+00
-7.530000000000000000e+02 3.657172615584258768e+00
-7.520000000000000000e+02 3.694222352728370851e+00
-7.510000000000000000e+02 3.730911348314250198e+00
-7.500000000000000000e+02 3.768008477486876728e+00
-7.490000000000000000e+02 3.804757662024562226e+00
-7.480000000000000000e+02 3.838549602090865154e+00
-7.470000000000000000e+02 3.876053404049715656e+00
-7.460000000000000000e+02 3.910657172196391418e+00
-7.450000000000000000e+02 3.945347107735461822e+00
-7.440000000000000000e+02 3.980780797523053582e+00
-7.430000000000000000e+02 4.014581326963762464e+00
-7.420000000000000000e+02 4.049370343170175524e+00
-7.410000000000000000e+02 4.081787291870107914e+00
-7.400000000000000000e+02 4.117298519235036203e+00
-7.390000000000000000e+02 4.151228379468624219e+00
-7.380000000000000000e+02 4.183986617154745957e+00
-7.370000000000000000e+02 4.214363238828187086e+00
-7.360000000000000000e+02 4.247004185738015636e+00
-7.350000000000000000e+02 4.278351324760258478e+00
-7.340000000000000000e+02 4.311231160297412934e+00
-7.330000000000000000e+02 4.341398020375547340e+00
-7.320000000000000000e+02 4.372676243598247581e+00
-7.310000000000000000e+02 4.404730183494984352e+00
-7.300000000000000000e+02 4.432970243065180505e+00
-7.290000000000000000e+02 4.463703947857839971e+00
-7.280000000000000000e+02 4.492226205043341025e+00
-7.270000000000000000e+02 4.519542773999819296e+00
-7.260000000000000000e+02 4.548331511245354619e+00
-7.250000000000000000e+02 4.576720153919777268e+00
-7.240000000000000000e+02 4.603283596603158223e+00
-7.230000000000000000e+02 4.630547623188707718e+00
-7.220000000000000000e+02 4.656347440959995865e+00
-7.210000000000000000e+02 4.682568418575905334e+00
-7.200000000000000000e+02 4.709838611075689130e+00
-7.190000000000000000e+02 4.734071561173040621e+00
-7.180000000000000000e+02 4.758930759837713076e+00
-7.170000000000000000e+02 4.783478190607697300e+00
-7.160000000000000000e+02 4.805190194681662419e+00
-7.150000000000000000e+02 4.829400800724131138e+00
-7.140000000000000000e+02 4.849893666485176169e+00
-7.130000000000000000e+02 4.872843048604410754e+00
-7.120000000000000000e+02 4.892484510028385358e+00
-7.110000000000000000e+02 4.913081237733713635e+00
-7.100000000000000000e+02 4.932773712255039023e+00
-7.090000000000000000e+02 4.955449106311579754e+00
-7.080000000000000000e+02 4.975348151780194961e+00
-7.070000000000000000e+02 4.994582539573710456e+00
-7.060000000000000000e+02 5.012770275477236304e+00
-7.050000000000000000e+02 5.030570024444700472e+00
-7.040000000000000000e+02 5.048085490584298007e+00
-7.030000000000000000e+02 5.063825689726594526e+00
-7.020000000000000000e+02 5.077867773245429817e+00
-7.010000000000000000e+02 5.094006072146964215e+00
-7.000000000000000000e+02 5.106783458815087329e+00
-6.990000000000000000e+02 5.120156838546873423e+00
-6.980000000000000000e+02 5.131721482382502586e+00
-6.970000000000000000e+02 5.140981934728596769e+00
-6.960000000000000000e+02 5.153497788376446564e+00
-6.950000000000000000e+02 5.165161287335187978e+00
-6.940000000000000000e+02 5.174258191373323434e+00
-6.930000000000000000e+02 5.183987680888964888e+00
-6.920000000000000000e+02 5.187476437419425324e+00
-6.910000000000000000e+02 5.194950595133901672e+00
-6.900000000000000000e+02 5.202633714426950107e+00
-6.890000000000000000e+02 5.204723119826774713e+00
-6.880000000000000000e+02 5.206047170802497348e+00
-6.870000000000000000e+02 5.211496863564943460e+00
-6.860000000000000000e+02 5.211564707874447144e+00
-6.850000000000000000e+02 5.208031354748769992e+00
-6.840000000000000000e+02 5.207063364767047453e+00
-6.830000000000000000e+02 5.204897106209481095e+00
-6.820000000000000000e+02 5.198310575164870606e+00
-6.810000000000000000e+02 5.191731216556412676e+00
-6.800000000000000000e+02 5.182775472795581706e+00
-6.790000000000000000e+02 5.169930191590306201e+00
-6.780000000000000000e+02 5.154524442379104343e+00
-6.770000000000000000e+02 5.133543553714019048e+00
-6.760000000000000000e+02 5.116252487082805445e+00
-6.750000000000000000e+02 5.086748643349417343e+00
-6.740000000000000000e+02 5.048978929502651702e+00
-6.730000000000000000e+02 4.994317847494104790e+00
-6.720000000000000000e+02 4.945968392789591661e+00
-6.710000000000000000e+02 4.911726028421262491e+00
-6.700000000000000000e+02 4.884121528967863668e+00
-6.690000000000000000e+02 4.859808211383654708e+00
-6.680000000000000000e+02 4.838725653205772304e+00
-6.670000000000000000e+02 4.818928611527392825e+00
-6.660000000000000000e+02 4.801333080078254767e+00
-6.650000000000000000e+02 4.785202678690873235e+00
-6.640000000000000000e+02 4.769811541278706102e+00
-6.630000000000000000e+02 4.755764726101327611e+00
-6.620000000000000000e+02 4.742488031838916207e+00
-6.610000000000000000e+02 4.730251770799799083e+00
-6.600000000000000000e+02 4.718199977139105883e+00
-6.590000000000000000e+02 4.707259678977223416e+00
-6.580000000000000000e+02 4.696572563583589321e+00
-6.570000000000000000e+02 4.686722616981828793e+00
-6.560000000000000000e+02 4.677920556751351100e+00
-6.550000000000000000e+02 4.668869391569295146e+00
-6.540000000000000000e+02 4.660824781673713169e+00
-6.530000000000000000e+02 4.653102745942461205e+00
-6.520000000000000000e+02 4.645832854583726856e+00
-6.510000000000000000e+02 4.638900099316979997e+00
-6.500000000000000000e+02 4.631590968124237762e+00
-6.490000000000000000e+02 4.625727604653127933e+00
-6.480000000000000000e+02 4.619248834826851002e+00
-6.470000000000000000e+02 4.613414367879428823e+00
-6.460000000000000000e+02 4.607556388214343990e+00
-6.450000000000000000e+02 4.602126763617989447e+00
-6.440000000000000000e+02 4.596520394584112879e+00
-6.430000000000000000e+02 4.591610797478999473e+00
-6.420000000000000000e+02 4.587242030720993569e+00
-6.410000000000000000e+02 4.582667598932002484e+00
-6.400000000000000000e+02 4.578294869626127195e+00
-6.390000000000000000e+02 4.573746150490830331e+00
-6.380000000000000000e+02 4.569925982012581045e+00
-6.370000000000000000e+02 4.566128018736778316e+00
-6.360000000000000000e+02 4.562106854838788195e+00
-6.350000000000000000e+02 4.559244831661421138e+00
-6.340000000000000000e+02 4.555971421167521740e+00
-6.330000000000000000e+02 4.552684367279950628e+00
-6.320000000000000000e+02 4.549611896105741238e+00
-6.310000000000000000e+02 4.546370138328999388e+00
-6.300000000000000000e+02 4.543347927842604328e+00
-6.290000000000000000e+02 4.540829393109818923e+00
-6.280000000000000000e+02 4.538121715132998446e+00
-6.270000000000000000e+02 4.535830910201288368e+00
-6.260000000000000000e+02 4.533371379564832715e+00
-6.250000000000000000e+02 4.530970120011288849e+00
-6.240000000000000000e+02 4.528688701001946981e+00
-6.230000000000000000e+02 4.526760065133619726e+00
-6.220000000000000000e+02 4.524416972998601238e+00
-6.210000000000000000e+02 4.522935812801741839e+00
-6.200000000000000000e+02 4.521183601905727656e+00
-6.190000000000000000e+02 4.519461661364568172e+00
-6.180000000000000000e+02 4.517357459554246724e+00
-6.170000000000000000e+02 4.516180157206209245e+00
-6.160000000000000000e+02 4.514275666700187983e+00
-6.150000000000000000e+02 4.512758404487137831e+00
-6.140000000000000000e+02 4.511330631907754629e+00
-6.130000000000000000e+02 4.509974776279539022e+00
-6.120000000000000000e+02 4.508649442679772079e+00
-6.110000000000000000e+02 4.507463257641229681e+00
-6.100000000000000000e+02 4.506912711831449592e+00
-6.090000000000000000e+02 4.505202358485451697e+00
-6.080000000000000000e+02 4.504227719428432586e+00
-6.070000000000000000e+02 4.503925018727301222e+00
-6.060000000000000000e+02 4.502264926957573188e+00
-6.050000000000000000e+02 4.501480558121969011e+00
-6.040000000000000000e+02 4.501308032822071148e+00
-6.030000000000000000e+02 4.500106494796399126e+00
-6.020000000000000000e+02 4.499295871070179587e+00
-6.010000000000000000e+02 4.498617953366983002e+00
-6.000000000000000000e+02 4.498207775089981375e+00
-5.990000000000000000e+02 4.497455560470522862e+00
-5.980000000000000000e+02 4.496763187448031829e+00
-5.970000000000000000e+02 4.496310437218843603e+00
-5.960000000000000000e+02 4.495847233718250457e+00
-5.950000000000000000e+02 4.495560768483369607e+00
-5.940000000000000000e+02 4.494990493129888520e+00
-5.930000000000000000e+02 4.494899096944529937e+00
-5.920000000000000000e+02 4.494161767363928028e+00
-5.910000000000000000e+02 4.493713391859484929e+00
-5.900000000000000000e+02 4.493641423862888118e+00
-5.890000000000000000e+02 4.493671550393377956e+00
-5.880000000000000000e+02 4.493435307317987792e+00
-5.870000000000000000e+02 4.493363832337220920e+00
-5.860000000000000000e+02 4.492878499068106102e+00
-5.850000000000000000e+02 4.493173970194066946e+00
-5.840000000000000000e+02 4.492959276238192246e+00
-5.830000000000000000e+02 4.492950406893224446e+00
-5.820000000000000000e+02 4.492781467304193477e+00
-5.810000000000000000e+02 4.492435541258553933e+00
-5.800000000000000000e+02 4.492668641388037010e+00
-5.790000000000000000e+02 4.492913194654913234e+00
-5.780000000000000000e+02 4.492791748429755039e+00
-5.770000000000000000e+02 4.492578304321660276e+00
-5.760000000000000000e+02 4.492699632109427910e+00
-5.750000000000000000e+02 4.493120529006494834e+00
-5.740000000000000000e+02 4.492951043177253467e+00
-5.730000000000000000e+02 4.492956751178525110e+00
-5.720000000000000000e+02 4.493108155758066324e+00
-5.710000000000000000e+02 4.493412161759930967e+00
-5.700000000000000000e+02 4.493910011989036057e+00
-5.690000000000000000e+02 4.494170214554903175e+00
-5.680000000000000000e+02 4.494372297064621158e+00
-5.670000000000000000e+02 4.494209370035647133e+00
-5.660000000000000000e+02 4.494718816616106061e+00
-5.650000000000000000e+02 4.494913676554274318e+00
-5.640000000000000000e+02 4.495326435923044706e+00
-5.630000000000000000e+02 4.495459475282563844e+00
-5.620000000000000000e+02 4.495881406833214022e+00
-5.610000000000000000e+02 4.495831425023604666e+00
-5.600000000000000000e+02 4.496733310073898870e+00
-5.590000000000000000e+02 4.497085973447476626e+00
-5.580000000000000000e+02 4.497387209671820152e+00
-5.570000000000000000e+02 4.497690532227846205e+00
-5.560000000000000000e+02 4.498171710992308725e+00
-5.550000000000000000e+02 4.498690839059636737e+00
-5.540000000000000000e+02 4.499139948395086464e+00
-5.530000000000000000e+02 4.499463571882496460e+00
-5.520000000000000000e+02 4.499204371031053640e+00
-5.510000000000000000e+02 4.500005952146844734e+00
-5.500000000000000000e+02 4.500816627471089681e+00
-5.490000000000000000e+02 4.500776248077881014e+00
-5.480000000000000000e+02 4.501401678818399255e+00
-5.470000000000000000e+02 4.501939321290989504e+00
-5.460000000000000000e+02 4.502184783041864868e+00
-5.450000000000000000e+02 4.503109903241918843e+00
-5.440000000000000000e+02 4.503229175368964832e+00
-5.430000000000000000e+02 4.503725907658868266e+00
-5.420000000000000000e+02 4.503882722399037419e+00
-5.410000000000000000e+02 4.504900429381702764e+00
-5.400000000000000000e+02 4.505373313425454107e+00
-5.390000000000000000e+02 4.505516446645968287e+00
-5.380000000000000000e+02 4.506236357509823875e+00
-5.370000000000000000e+02 4.506352210876412023e+00
-5.360000000000000000e+02 4.507238272387395384e+00
-5.350000000000000000e+02 4.507921057204053561e+00
-5.340000000000000000e+02 4.508205389700083110e+00
-5.330000000000000000e+02 4.508574368331981219e+00
-5.320000000000000000e+02 4.509046999049907356e+00
-5.310000000000000000e+02 4.510062775512726496e+00
-5.300000000000000000e+02 4.510522196704174647e+00
-5.290000000000000000e+02 4.510855336133372084e+00
-5.280000000000000000e+02 4.511506206564940058e+00
-5.270000000000000000e+02 4.512235300942235128e+00
-5.260000000000000000e+02 4.512732776351993103e+00
-5.250000000000000000e+02 4.513130796615824281e+00
-5.240000000000000000e+02 4.513655657833187007e+00
-5.230000000000000000e+02 4.514729924690639606e+00
-5.220000000000000000e+02 4.514644725047157969e+00
-5.210000000000000000e+02 4.515070368704630965e+00
-5.200000000000000000e+02 4.516268708191190306e+00
-5.190000000000000000e+02 4.516755832110462165e+00
-5.180000000000000000e+02 4.517213043816592943e+00
-5.170000000000000000e+02 4.517296026465693615e+00
-5.160000000000000000e+02 4.518612606189166492e+00
-5.150000000000000000e+02 4.519404548466607885e+00
-5.140000000000000000e+02 4.519690376477625726e+00
-5.130000000000000000e+02 4.520409719603662779e+00
-5.120000000000000000e+02 4.520871079787043278e+00
-5.110000000000000000e+02 4.521351768431967955e+00
-5.100000000000000000e+02 4.522342001326308036e+00
-5.090000000000000000e+02 4.522512641642064679e+00
-5.080000000000000000e+02 4.523448988265874604e+00
-5.070000000000000000e+02 4.523421226186487232e+00
-5.060000000000000000e+02 4.524069876980235883e+00
-5.050000000000000000e+02 4.524377440034842657e+00
-5.040000000000000000e+02 4.525084751483073653e+00
-5.030000000000000000e+02 4.525911376035896438e+00
-5.020000000000000000e+02 4.526152169798637992e+00
-5.010000000000000000e+02 4.527476162942080329e+00
-5.000000000000000000e+02 4.528090732236442761e+00
-4.990000000000000000e+02 4.528497643349276736e+00
-4.980000000000000000e+02 4.529589501788077399e+00
-4.970000000000000000e+02 4.529149485872149938e+00
-4.960000000000000000e+02 4.530062260140830688e+00
-4.950000000000000000e+02 4.530554171522620521e+00
-4.940000000000000000e+02 4.531339845606336958e+00
-4.930000000000000000e+02 4.531916645755440065e+00
-4.920000000000000000e+02 4.532520519495768951e+00
-4.910000000000000000e+02 4.533017676386214667e+00
-4.900000000000000000e+02 4.533012020113026175e+00
-4.890000000000000000e+02 4.534084715358044804e+00
-4.880000000000000000e+02 4.534458247931899777e+00
-4.870000000000000000e+02 4.535018172859006214e+00
-4.860000000000000000e+02 4.535729380618784390e+00
-4.850000000000000000e+02 4.536730670825678047e+00
-4.840000000000000000e+02 4.537691465475202968e+00
-4.830000000000000000e+02 4.538288498179732677e+00
-4.820000000000000000e+02 4.538855460945886655e+00
-4.810000000000000000e+02 4.538597204620248959e+00
-4.800000000000000000e+02 4.539318628051240978e+00
-4.790000000000000000e+02 4.539833051757044657e+00
-4.780000000000000000e+02 4.541734166219413282e+00
-4.770000000000000000e+02 4.542050224465958408e+00
-4.760000000000000000e+02 4.542257692564869664e+00
-4.750000000000000000e+02 4.542196485606570633e+00
-4.740000000000000000e+02 4.543163160698038716e+00
-4.730000000000000000e+02 4.543927389740184175e+00
-4.720000000000000000e+02 4.544312419284826987e+00
-4.710000000000000000e+02 4.545468578920843328e+00
-4.700000000000000000e+02 4.545781575335885449e+00
-4.690000000000000000e+02 4.546637624248044851e+00
-4.680000000000000000e+02 4.547341686328646659e+00
-4.670000000000000000e+02 4.547832057627140934e+00
-4.660000000000000000e+02 4.548000150307280443e+00
-4.650000000000000000e+02 4.548844596212930469e+00
-4.640000000000000000e+02 4.549387035810759095e+00
-4.630000000000000000e+02 4.550120460569744729e+00
-4.620000000000000000e+02 4.550191441377509527e+00
-4.610000000000000000e+02 4.550599249476998232e+00
-4.600000000000000000e+02 4.551906671458494813e+00
-4.590000000000000000e+02 4.552345432083135357e+00
-4.580000000000000000e+02 4.552887354790785324e+00
-4.570000000000000000e+02 4.553755836172084237e+00
-4.560000000000000000e+02 4.554910360027364824e+00
-4.550000000000000000e+02 4.556007592716916577e+00
-4.540000000000000000e+02 4.556606562705729502e+00
-4.530000000000000000e+02 4.557229749632718985e+00
-4.520000000000000000e+02 4.557757448315392423e+00
-4.510000000000000000e+02 4.558078277132302958e+00
-4.500000000000000000e+02 4.558725189236908726e+00
-4.490000000000000000e+02 4.559514382184842063e+00
-4.480000000000000000e+02 4.560241589492189718e+00
-4.470000000000000000e+02 4.561115249046576281e+00
-4.460000000000000000e+02 4.561263697305829368e+00
-4.450000000000000000e+02 4.562684459754251520e+00
-4.440000000000000000e+02 4.562852658635712544e+00
-4.430000000000000000e+02 4.564169342254023043e+00
-4.420000000000000000e+02 4.564779319008652081e+00
-4.410000000000000000e+02 4.565582647016324103e+00
-4.400000000000000000e+02 4.566461319444137246e+00
-4.390000000000000000e+02 4.567295200163474789e+00
-4.380000000000000000e+02 4.568367630907430588e+00
-4.370000000000000000e+02 4.569053204271487978e+00
-4.360000000000000000e+02 4.569902494509923585e+00
-4.350000000000000000e+02 4.570787472004862906e+00
-4.340000000000000000e+02 4.571355061572361933e+00
-4.330000000000000000e+02 4.572136102126404644e+00
-4.320000000000000000e+02 4.573000904619883400e+00
-4.310000000000000000e+02 4.574183933239604372e+00
-4.300000000000000000e+02 4.574874635112241350e+00
-4.290000000000000000e+02 4.575596052534132596e+00
-4.280000000000000000e+02 4.576780845872098880e+00
-4.270000000000000000e+02 4.577961982708827371e+00
-4.260000000000000000e+02 4.579149056616428126e+00
-4.250000000000000000e+02 4.580321942020090908e+00
-4.240000000000000000e+02 4.581217582768666752e+00
-4.230000000000000000e+02 4.582201565841550917e+00
-4.220000000000000000e+02 4.583428215774159042e+00
-4.210000000000000000e+02 4.584236842063791784e+00
-4.200000000000000000e+02 4.584995112276471829e+00
-4.190000000000000000e+02 4.586095768571385456e+00
-4.180000000000000000e+02 4.587517058564057670e+00
-4.170000000000000000e+02 4.588548267303334427e+00
-4.160000000000000000e+02 4.590097455110313085e+00
-4.150000000000000000e+02 4.590827194382341325e+00
-4.140000000000000000e+02 4.592187127206111441e+00
-4.130000000000000000e+02 4.593484422999463135e+00
-4.120000000000000000e+02 4.595267427600631116e+00
-4.110000000000000000e+02 4.597069376340664704e+00
-4.100000000000000000e+02 4.598493757543026028e+00
-4.090000000000000000e+02 4.599522266897860590e+00
-4.080000000000000000e+02 4.600741574562078995e+00
-4.070000000000000000e+02 4.602387762172847729e+00
-4.060000000000000000e+02 4.604010322914589892e+00
-4.050000000000000000e+02 4.605161513770072546e+00
-4.040000000000000000e+02 4.607268271964450435e+00
-4.030000000000000000e+02 4.608502199037531888e+00
-4.020000000000000000e+02 4.609677463253986751e+00
-4.010000000000000000e+02 4.611947190426000986e+00
-4.000000000000000000e+02 4.613572152202710441e+00
-3.990000000000000000e+02 4.615009786003642311e+00
-3.980000000000000000e+02 4.617438283902564500e+00
-3.970000000000000000e+02 4.619608337535115794e+00
-3.960000000000000000e+02 4.621733600647300655e+00
-3.950000000000000000e+02 4.624062880718104118e+00
-3.940000000000000000e+02 4.626056820324922825e+00
-3.930000000000000000e+02 4.627865896384042443e+00
-3.920000000000000000e+02 4.630210071673190875e+00
-3.910000000000000000e+02 4.631764262546821165e+00
-3.900000000000000000e+02 4.634193647755726175e+00
-3.890000000000000000e+02 4.636438688754489057e+00
-3.880000000000000000e+02 4.639201018749294470e+00
-3.870000000000000000e+02 4.641554493074778520e+00
-3.860000000000000000e+02 4.644367683199391195e+00
-3.850000000000000000e+02 4.646881853351620073e+00
-3.840000000000000000e+02 4.649050527253323573e+00
-3.830000000000000000e+02 4.651996743597084816e+00
-3.820000000000000000e+02 4.655738029090304764e+00
-3.810000000000000000e+02 4.658564777635298526e+00
-3.800000000000000000e+02 4.661779317758707464e+00
-3.790000000000000000e+02 4.664824761920693952e+00
-3.780000000000000000e+02 4.668040258543832088e+00
-3.770000000000000000e+02 4.671450317838838906e+00
-3.760000000000000000e+02 4.674773209056771961e+00
-3.750000000000000000e+02 4.678674822454234494e+00
-3.740000000000000000e+02 4.682422108679937800e+00
-3.730000000000000000e+02 4.686164807933541177e+00
-3.720000000000000000e+02 4.689754822523138245e+00
-3.710000000000000000e+02 4.693875785545273516e+00
-3.700000000000000000e+02 4.697878089119892131e+00
-3.690000000000000000e+02 4.702521868498745761e+00
-3.680000000000000000e+02 4.706818495651369005e+00
-3.670000000000000000e+02 4.711829873063656748e+00
-3.660000000000000000e+02 4.716870177771011363e+00
-3.650000000000000000e+02 4.722329443493542556e+00
-3.640000000000000000e+02 4.727607835455970076e+00
-3.630000000000000000e+02 4.732939470260538961e+00
-3.620000000000000000e+02 4.738233646859284498e+00
-3.610000000000000000e+02 4.743737034403894270e+00
-3.600000000000000000e+02 4.749721674082433509e+00
-3.590000000000000000e+02 4.756277150165153955e+00
-3.580000000000000000e+02 4.763241717396088148e+00
-3.570000000000000000e+02 4.769511362599876847e+00
-3.560000000000000000e+02 4.776483838827692452e+00
-3.550000000000000000e+02 4.783757638196651563e+00
-3.540000000000000000e+02 4.791799995657898492e+00
-3.530000000000000000e+02 4.800159021083583610e+00
-3.520000000000000000e+02 4.808798599546689090e+00
-3.510000000000000000e+02 4.817312537219651247e+00
-3.500000000000000000e+02 4.827156538086850190e+00
-3.490000000000000000e+02 4.836476832878689791e+00
-3.480000000000000000e+02 4.846624035552345333e+00
-3.470000000000000000e+02 4.857162184630338331e+00
-3.460000000000000000e+02 4.868575686791999146e+00
-3.450000000000000000e+02 4.879667607093888471e+00
-3.440000000000000000e+02 4.892138174736313516e+00
-3.430000000000000000e+02 4.905886564524188032e+00
-3.420000000000000000e+02 4.920084482482264931e+00
-3.410000000000000000e+02 4.934979116235069796e+00
-3.400000000000000000e+02 4.951727093837622995e+00
-3.390000000000000000e+02 4.969354810454937876e+00
-3.380000000000000000e+02 4.988260158178126069e+00
-3.370000000000000000e+02 5.008907907895494560e+00
-3.360000000000000000e+02 5.031832121789478585e+00
-3.350000000000000000e+02 5.057522021634359710e+00
-3.340000000000000000e+02 5.086704259704890596e+00
-3.330000000000000000e+02 5.121409068147062982e+00
-3.320000000000000000e+02 5.167704589099980872e+00
-3.310000000000000000e+02 5.231344964125332453e+00
-3.300000000000000000e+02 5.272367623410455728e+00
-3.290000000000000000e+02 5.297919244718928056e+00
-3.280000000000000000e+02 5.324626888564962357e+00
-3.270000000000000000e+02 5.343495001554914303e+00
-3.260000000000000000e+02 5.359319512150531928e+00
-3.250000000000000000e+02 5.373592050621337712e+00
-3.240000000000000000e+02 5.384358491244563893e+00
-3.230000000000000000e+02 5.395483147392297063e+00
-3.220000000000000000e+02 5.402818030857077680e+00
-3.210000000000000000e+02 5.406119878680997637e+00
-3.200000000000000000e+02 5.409169263524056248e+00
-3.190000000000000000e+02 5.412064738415098830e+00
-3.180000000000000000e+02 5.409517763042923200e+00
-3.170000000000000000e+02 5.407402008813609662e+00
-3.160000000000000000e+02 5.405993725692578522e+00
-3.150000000000000000e+02 5.403037888294777602e+00
-3.140000000000000000e+02 5.396944154767521873e+00
-3.130000000000000000e+02 5.391715046951937040e+00
-3.120000000000000000e+02 5.383762567282846412e+00
-3.110000000000000000e+02 5.374177928094148626e+00
-3.100000000000000000e+02 5.365049804175150427e+00
-3.090000000000000000e+02 5.356603573077138414e+00
-3.080000000000000000e+02 5.346003441044219429e+00
-3.070000000000000000e+02 5.331116628986754868e+00
-3.060000000000000000e+02 5.318724762262773353e+00
-3.050000000000000000e+02 5.307141677047855666e+00
-3.040000000000000000e+02 5.292139888629374234e+00
-3.030000000000000000e+02 5.276565253742174555e+00
-3.020000000000000000e+02 5.260130894032446491e+00
-3.010000000000000000e+02 5.243061497587587105e+00
-3.000000000000000000e+02 5.225970934292353043e+00
-2.990000000000000000e+02 5.206746801347223119e+00
-2.980000000000000000e+02 5.186771502730894490e+00
-2.970000000000000000e+02 5.169532091817556463e+00
-2.960000000000000000e+02 5.149093130356519055e+00
-2.950000000000000000e+02 5.126212504397587466e+00
-2.940000000000000000e+02 5.103457741447877005e+00
-2.930000000000000000e+02 5.080617036552355970e+00
-2.920000000000000000e+02 5.061119995753293743e+00
-2.910000000000000000e+02 5.041352722771056172e+00
-2.900000000000000000e+02 5.015809834921610033e+00
-2.890000000000000000e+02 4.990102948139482741e+00
-2.880000000000000000e+02 4.967162636376786899e+00
-2.870000000000000000e+02 4.940206517759420990e+00
-2.860000000000000000e+02 4.913276278710210221e+00
-2.850000000000000000e+02 4.887555133811086527e+00
-2.840000000000000000e+02 4.860970947184331870e+00
-2.830000000000000000e+02 4.832969884004356231e+00
-2.820000000000000000e+02 4.805486837243523546e+00
-2.810000000000000000e+02 4.777306099623953806e+00
-2.800000000000000000e+02 4.747653981009370305e+00
-2.790000000000000000e+02 4.716419045678709843e+00
-2.780000000000000000e+02 4.682784327084606346e+00
-2.770000000000000000e+02 4.653366534987655179e+00
-2.760000000000000000e+02 4.624474853501055804e+00
-2.750000000000000000e+02 4.592621692740029182e+00
-2.740000000000000000e+02 4.560745012795059061e+00
-2.730000000000000000e+02 4.527195074898682670e+00
-2.720000000000000000e+02 4.496092581421280876e+00
-2.710000000000000000e+02 4.463662817139229411e+00
-2.700000000000000000e+02 4.431313778523362501e+00
-2.690000000000000000e+02 4.394746277434857795e+00
-2.680000000000000000e+02 4.361532695121046466e+00
-2.670000000000000000e+02 4.323220495869978031e+00
-2.660000000000000000e+02 4.291253239015055065e+00
-2.650000000000000000e+02 4.258877784647194353e+00
-2.640000000000000000e+02 4.220692271400857898e+00
-2.630000000000000000e+02 4.186161672267797229e+00
-2.620000000000000000e+02 4.147521833755734022e+00
-2.610000000000000000e+02 4.111360083286728084e+00
-2.600000000000000000e+02 4.071855162287437935e+00
-2.590000000000000000e+02 4.032301487860741496e+00
-2.580000000000000000e+02 3.994897789776059582e+00
-2.570000000000000000e+02 3.957434600329869490e+00
-2.560000000000000000e+02 3.917266064712326301e+00
-2.550000000000000000e+02 3.876254208888720854e+00
-2.540000000000000000e+02 3.839074355797016835e+00
-2.530000000000000000e+02 3.798890585264298903e+00
-2.520000000000000000e+02 3.758056615074733653e+00
-2.510000000000000000e+02 3.718448771849310663e+00
-2.500000000000000000e+02 3.679378576332086315e+00
-2.490000000000000000e+02 3.638104267029246053e+00
-2.480000000000000000e+02 3.596779941540614978e+00
-2.470000000000000000e+02 3.555260729992939961e+00
-2.460000000000000000e+02 3.511473560666916516e+00
-2.450000000000000000e+02 3.467284904845527205e+00
-2.440000000000000000e+02 3.422701194628158472e+00
-2.430000000000000000e+02 3.381219584056448291e+00
-2.420000000000000000e+02 3.334888733705249297e+00
-2.410000000000000000e+02 3.290571119684209567e+00
-2.400000000000000000e+02 3.247379186045950661e+00
-2.390000000000000000e+02 3.203274636121065111e+00
-2.380000000000000000e+02 3.161586208949495269e+00
-2.370000000000000000e+02 3.117034331597454244e+00
-2.360000000000000000e+02 3.068262830431610855e+00
-2.350000000000000000e+02 3.025126713293570191e+00
-2.340000000000000000e+02 2.980947618166160051e+00
-2.330000000000000000e+02 2.932338627405141285e+00
-2.320000000000000000e+02 2.883188186938236530e+00
-2.310000000000000000e+02 2.846201934497734509e+00
-2.300000000000000000e+02 2.841115528940775015e+00
-2.290000000000000000e+02 2.839285594592953377e+00
-2.280000000000000000e+02 2.837248192053275719e+00
-2.270000000000000000e+02 2.835806740749269306e+00
-2.260000000000000000e+02 2.834247980484549068e+00
-2.250000000000000000e+02 2.832537392155521694e+00
-2.240000000000000000e+02 2.830811958754807733e+00
-2.230000000000000000e+02 2.828930627454612434e+00
-2.220000000000000000e+02 2.827582103869822561e+00
-2.210000000000000000e+02 2.825879152013874407e+00
-2.200000000000000000e+02 2.823964451280168930e+00
-2.190000000000000000e+02 2.822523599584284781e+00
-2.180000000000000000e+02 2.820593852485234976e+00
-2.170000000000000000e+02 2.819310929740033611e+00
-2.160000000000000000e+02 2.817541681275590904e+00
-2.150000000000000000e+02 2.815686858214691224e+00
-2.140000000000000000e+02 2.813981388166334252e+00
-2.130000000000000000e+02 2.812241905452581570e+00
-2.120000000000000000e+02 2.810519765690727922e+00
-2.110000000000000000e+02 2.808611176710750446e+00
-2.100000000000000000e+02 2.807106147295834742e+00
-2.090000000000000000e+02 2.805153761177135774e+00
-2.080000000000000000e+02 2.803418080881664665e+00
-2.070000000000000000e+02 2.801573923092516960e+00
-2.060000000000000000e+02 2.799822982619790679e+00
-2.050000000000000000e+02 2.797921131789904425e+00
-2.040000000000000000e+02 2.796120210948167539e+00
-2.030000000000000000e+02 2.794648921656760265e+00
-2.020000000000000000e+02 2.792776720287661885e+00
-2.010000000000000000e+02 2.790895470502313902e+00
-2.000000000000000000e+02 2.789133805901039764e+00
-1.990000000000000000e+02 2.787135812171943616e+00
-1.980000000000000000e+02 2.785320997268511789e+00
-1.970000000000000000e+02 2.783519766693688169e+00
-1.960000000000000000e+02 2.781752106643369693e+00
-1.950000000000000000e+02 2.779855612173484758e+00
-1.940000000000000000e+02 2.778065651776591594e+00
-1.930000000000000000e+02 2.776111192908351288e+00
-1.920000000000000000e+02 2.774125276243654792e+00
-1.910000000000000000e+02 2.772499968425943262e+00
-1.900000000000000000e+02 2.770575972544919274e+00
-1.890000000000000000e+02 2.768826560859821040e+00
-1.880000000000000000e+02 2.767027339661956464e+00
-1.870000000000000000e+02 2.765418626596754414e+00
-1.860000000000000000e+02 2.763426119320564034e+00
-1.850000000000000000e+02 2.761313942009930411e+00
-1.840000000000000000e+02 2.759231204003152360e+00
-1.830000000000000000e+02 2.757591570771153133e+00
-1.820000000000000000e+02 2.755479832533284767e+00
-1.810000000000000000e+02 2.753472331221281433e+00
-1.800000000000000000e+02 2.751735771139381725e+00
-1.790000000000000000e+02 2.749934750466165756e+00
-1.780000000000000000e+02 2.748066170731163549e+00
-1.770000000000000000e+02 2.746233813765396992e+00
-1.760000000000000000e+02 2.744117558017657998e+00
-1.750000000000000000e+02 2.742023152151699783e+00
-1.740000000000000000e+02 2.740365677085405682e+00
-1.730000000000000000e+02 2.738293031122341681e+00
-1.720000000000000000e+02 2.736383387328712669e+00
-1.710000000000000000e+02 2.734205363708874792e+00
-1.700000000000000000e+02 2.732368172655515792e+00
-1.690000000000000000e+02 2.730480793310076759e+00
-1.680000000000000000e+02 2.728502593515239383e+00
-1.670000000000000000e+02 2.726631488199070308e+00
-1.660000000000000000e+02 2.724904433152692373e+00
-1.650000000000000000e+02 2.722775633973973264e+00
-1.640000000000000000e+02 2.720925473475098055e+00
-1.630000000000000000e+02 2.718654584617576031e+00
-1.620000000000000000e+02 2.716765842281005927e+00
-1.610000000000000000e+02 2.714538657174685898e+00
-1.600000000000000000e+02 2.712621774100819838e+00
-1.590000000000000000e+02 2.710655421208617799e+00
-1.580000000000000000e+02 2.708797524828429726e+00
-1.570000000000000000e+02 2.706593022132044446e+00
-1.560000000000000000e+02 2.704759404803160017e+00
-1.550000000000000000e+02 2.702805890904667496e+00
-1.540000000000000000e+02 2.700696769601444114e+00
-1.530000000000000000e+02 2.698558717408353402e+00
-1.520000000000000000e+02 2.696577034329202593e+00
-1.510000000000000000e+02 2.694681890931003299e+00
-1.500000000000000000e+02 2.692863214738257405e+00
