-8.510000000000000000e+02 2.340584535333299687e+00
-8.500000000000000000e+02 2.896404510937272470e+00
-8.490000000000000000e+02 2.905868849799140285e+00
-8.480000000000000000e+02 2.214333441520486723e+00
-8.470000000000000000e+02 2.370458187669898020e+00
-8.460000000000000000e+02 2.832987513930576462e+00
-8.450000000000000000e+02 3.028193293396485242e+00
-8.440000000000000000e+02 2.266827213383287631e+00
-8.430000000000000000e+02 2.273948060446439712e+00
-8.420000000000000000e+02 2.468561093002498374e+00
-8.410000000000000000e+02 2.516213698576969637e+00
-8.400000000000000000e+02 2.285262546815188145e+00
-8.390000000000000000e+02 3.055658367058421643e+00
-8.380000000000000000e+02 2.523854849012422186e+00
-8.370000000000000000e+02 2.463752788467051591e+00
-8.360000000000000000e+02 2.855854261769258606e+00
-8.350000000000000000e+02 2.725384929758778441e+00
-8.340000000000000000e+02 3.012777005849992751e+00
-8.330000000000000000e+02 2.766744269392434230e+00
-8.320000000000000000e+02 2.832634108538360174e+00
-8.310000000000000000e+02 2.702811995613968676e+00
-8.300000000000000000e+02 2.523992734336462096e+00
-8.290000000000000000e+02 2.312449305120671816e+00
-8.280000000000000000e+02 2.690827988948042204e+00
-8.270000000000000000e+02 2.953053856965983215e+00
-8.260000000000000000e+02 2.303880229421940484e+00
-8.250000000000000000e+02 2.660993746356699052e+00
-8.240000000000000000e+02 2.371297129887396604e+00
-8.230000000000000000e+02 2.330742706344778981e+00
-8.220000000000000000e+02 2.596989126589948071e+00
-8.210000000000000000e+02 2.417281467062561529e+00
-8.200000000000000000e+02 2.807159236840457428e+00
-8.190000000000000000e+02 2.580465984424495041e+00
-8.180000000000000000e+02 2.296472319663056538e+00
-8.170000000000000000e+02 2.486569786882673050e+00
-8.160000000000000000e+02 2.744938544146520165e+00
-8.150000000000000000e+02 2.421155150877793538e+00
-8.140000000000000000e+02 2.942027235548626773e+00
-8.130000000000000000e+02 2.042215109124746242e+00
-8.120000000000000000e+02 2.741184954073072166e+00
-8.110000000000000000e+02 2.759308051415848340e+00
-8.100000000000000000e+02 2.291836461824305893e+00
-8.090000000000000000e+02 2.854235352215046539e+00
-8.080000000000000000e+02 3.099518945879771170e+00
-8.070000000000000000e+02 2.501399405254433717e+00
-8.060000000000000000e+02 2.475271525040761755e+00
-8.050000000000000000e+02 2.325561840650526513e+00
-8.040000000000000000e+02 2.677054515657365741e+00
-8.030000000000000000e+02 2.710578280019396491e+00
-8.020000000000000000e+02 2.633011576593377256e+00
-8.010000000000000000e+02 2.746432923520139457e+00
-8.000000000000000000e+02 2.401591222518668634e+00
-7.990000000000000000e+02 2.636030253689725544e+00
-7.980000000000000000e+02 2.284834243028397882e+00
-7.970000000000000000e+02 2.800399459788065037e+00
-7.960000000000000000e+02 2.464319461726594884e+00
-7.950000000000000000e+02 2.807052968584461627e+00
-7.940000000000000000e+02 2.482983203977442876e+00
-7.930000000000000000e+02 2.619377736075602758e+00
-7.920000000000000000e+02 3.096919578315161292e+00
-7.910000000000000000e+02 3.059356378860602188e+00
-7.900000000000000000e+02 2.372787010564996635e+00
-7.890000000000000000e+02 2.310253713227877981e+00
-7.880000000000000000e+02 2.784938427762594593e+00
-7.870000000000000000e+02 2.603738941763542147e+00
-7.860000000000000000e+02 2.972463423572904606e+00
-7.850000000000000000e+02 2.298859617185470050e+00
-7.840000000000000000e+02 3.049012509127676740e+00
-7.830000000000000000e+02 2.392995727824679175e+00
-7.820000000000000000e+02 2.946654714352878290e+00
-7.810000000000000000e+02 2.582257114089803185e+00
-7.800000000000000000e+02 2.578219714542692387e+00
-7.790000000000000000e+02 2.482280488844368804e+00
-7.780000000000000000e+02 2.619160023385368685e+00
-7.770000000000000000e+02 2.353394815164581377e+00
-7.760000000000000000e+02 2.875322928263658984e+00
-7.750000000000000000e+02 2.560341751093436535e+00
-7.740000000000000000e+02 2.322502492567746657e+00
-7.730000000000000000e+02 3.368701371660923982e+00
-7.720000000000000000e+02 2.927360886913235927e+00
-7.710000000000000000e+02 2.986328722158904547e+00
-7.700000000000000000e+02 3.380733249368460314e+00
-7.690000000000000000e+02 3.348566195755121822e+00
-7.680000000000000000e+02 3.458677044501722531e+00
-7.670000000000000000e+02 2.717347165170729273e+00
-7.660000000000000000e+02 3.107410068410136894e+00
-7.650000000000000000e+02 3.162020611663645120e+00
-7.640000000000000000e+02 3.670914657457868380e+00
-7.630000000000000000e+02 2.835493503522433567e+00
-7.620000000000000000e+02 2.811434564170173012e+00
-7.610000000000000000e+02 3.033392042508538555e+00
-7.600000000000000000e+02 3.293776677649117524e+00
-7.590000000000000000e+02 2.926883993981493681e+00
-7.580000000000000000e+02 3.402715704707288236e+00
-7.570000000000000000e+02 3.379429797691487547e+00
-7.560000000000000000e+02 3.645945908888742260e+00
-7.550000000000000000e+02 3.813167780776896443e+00
-7.540000000000000000e+02 3.796112186077929440e+00
-7.530000000000000000e+02 3.457142294171592134e+00
-7.520000000000000000e+02 3.703517037933010680e+00
-7.510000000000000000e+02 3.442334775720627071e+00
-7.500000000000000000e+02 3.782153312652478228e+00
-7.490000000000000000e+02 3.347707418866386231e+00
-7.480000000000000000e+02 4.282288267361816558e+00
-7.470000000000000000e+02 4.612195167869620249e+00
-7.460000000000000000e+02 3.741458462139147123e+00
-7.450000000000000000e+02 3.875159614072526182e+00
-7.440000000000000000e+02 4.069966059908444400e+00
-7.430000000000000000e+02 3.899738718636025059e+00
-7.420000000000000000e+02 3.972281405223173412e+00
-7.410000000000000000e+02 4.929092632494412207e+00
-7.400000000000000000e+02 3.783286476220336869e+00
-7.390000000000000000e+02 4.095681502138833530e+00
-7.380000000000000000e+02 5.013252024043583610e+00
-7.370000000000000000e+02 3.915812384160065829e+00
-7.360000000000000000e+02 4.851988762516003639e+00
-7.350000000000000000e+02 4.260592622979066491e+00
-7.340000000000000000e+02 4.220523225778719301e+00
-7.330000000000000000e+02 4.507862115026433081e+00
-7.320000000000000000e+02 4.229950519690413913e+00
-7.310000000000000000e+02 4.448126699346394375e+00
-7.300000000000000000e+02 4.128645711475774860e+00
-7.290000000000000000e+02 4.990667701582987448e+00
-7.280000000000000000e+02 4.264129473338649667e+00
-7.270000000000000000e+02 4.527280973490038107e+00
-7.260000000000000000e+02 4.245137903816392111e+00
-7.250000000000000000e+02 4.578864584756392908e+00
-7.240000000000000000e+02 5.025062778661347096e+00
-7.230000000000000000e+02 3.701437751817603150e+00
-7.220000000000000000e+02 4.745647865320756331e+00
-7.210000000000000000e+02 4.926152349768153194e+00
-7.200000000000000000e+02 4.113499839898421051e+00
-7.190000000000000000e+02 5.037569250824065925e+00
-7.180000000000000000e+02 4.049814167971549139e+00
-7.170000000000000000e+02 5.571816539957517023e+00
-7.160000000000000000e+02 4.633559632340318757e+00
-7.150000000000000000e+02 3.681494881687141785e+00
-7.140000000000000000e+02 4.759704041538108221e+00
-7.130000000000000000e+02 4.924815254877605852e+00
-7.120000000000000000e+02 4.628256979697281892e+00
-7.110000000000000000e+02 5.194900254700424824e+00
-7.100000000000000000e+02 5.635696006980457362e+00
-7.090000000000000000e+02 4.081596688754901336e+00
-7.080000000000000000e+02 4.483686319484090355e+00
-7.070000000000000000e+02 5.507783863413819425e+00
-7.060000000000000000e+02 4.467284572746964777e+00
-7.050000000000000000e+02 5.682008516838874534e+00
-7.040000000000000000e+02 4.854220541079692808e+00
-7.030000000000000000e+02 5.248184578580369575e+00
-7.020000000000000000e+02 5.001624910356072817e+00
-7.010000000000000000e+02 5.320561754427424184e+00
-7.000000000000000000e+02 4.350023009908205118e+00
-6.990000000000000000e+02 4.925285805300743114e+00
-6.980000000000000000e+02 6.173842245077285185e+00
-6.970000000000000000e+02 5.603617169120848729e+00
-6.960000000000000000e+02 4.734751731570858269e+00
-6.950000000000000000e+02 5.092755730443549567e+00
-6.940000000000000000e+02 4.953499385483586259e+00
-6.930000000000000000e+02 5.889652489006629743e+00
-6.920000000000000000e+02 5.473142970210480129e+00
-6.910000000000000000e+02 3.952593630201937547e+00
-6.900000000000000000e+02 5.331893962708607937e+00
-6.890000000000000000e+02 5.168201650242588485e+00
-6.880000000000000000e+02 5.078490998621067121e+00
-6.870000000000000000e+02 4.960783007159712099e+00
-6.860000000000000000e+02 5.230935493204614595e+00
-6.850000000000000000e+02 4.831065906353340544e+00
-6.840000000000000000e+02 4.860553955814734373e+00
-6.830000000000000000e+02 4.985569619013756615e+00
-6.820000000000000000e+02 5.344502754802077149e+00
-6.810000000000000000e+02 5.100931607932157164e+00
-6.800000000000000000e+02 5.131718000123095536e+00
-6.790000000000000000e+02 5.078725641665702284e+00
-6.780000000000000000e+02 5.591363815246646496e+00
-6.770000000000000000e+02 5.600992602882208793e+00
-6.760000000000000000e+02 5.517182449236557318e+00
-6.750000000000000000e+02 5.261486035894081148e+00
-6.740000000000000000e+02 4.815614923987041607e+00
-6.730000000000000000e+02 4.707988666320622073e+00
-6.720000000000000000e+02 4.962623028586588880e+00
-6.710000000000000000e+02 5.512043193241920491e+00
-6.700000000000000000e+02 5.345438218487679194e+00
-6.690000000000000000e+02 5.171117409593018799e+00
-6.680000000000000000e+02 4.406407227904996837e+00
-6.670000000000000000e+02 4.821380848427663679e+00
-6.660000000000000000e+02 5.152556569277971121e+00
-6.650000000000000000e+02 4.939689266653478406e+00
-6.640000000000000000e+02 4.758089293423724442e+00
-6.630000000000000000e+02 4.859548504728640417e+00
-6.620000000000000000e+02 4.694987824631850160e+00
-6.610000000000000000e+02 4.725371139236642648e+00
-6.600000000000000000e+02 4.031495146442201971e+00
-6.590000000000000000e+02 3.751989675022556980e+00
-6.580000000000000000e+02 5.249717143623540139e+00
-6.570000000000000000e+02 4.821443587528542629e+00
-6.560000000000000000e+02 4.912273395766378670e+00
-6.550000000000000000e+02 4.171473351049796108e+00
-6.540000000000000000e+02 4.403702775690708116e+00
-6.530000000000000000e+02 5.066094851344975503e+00
-6.520000000000000000e+02 4.622576537063658009e+00
-6.510000000000000000e+02 5.010038568884673360e+00
-6.500000000000000000e+02 5.573167030016177748e+00
-6.490000000000000000e+02 4.633674987734843320e+00
-6.480000000000000000e+02 4.212797666313034206e+00
-6.470000000000000000e+02 5.210787513914727498e+00
-6.460000000000000000e+02 4.824057483209482911e+00
-6.450000000000000000e+02 4.078231030640985466e+00
-6.440000000000000000e+02 4.462773056787666448e+00
-6.430000000000000000e+02 5.474138625644281220e+00
-6.420000000000000000e+02 4.750154615476785303e+00
-6.410000000000000000e+02 4.490741556048567062e+00
-6.400000000000000000e+02 3.782723777714439350e+00
-6.390000000000000000e+02 3.962749782877749816e+00
-6.380000000000000000e+02 4.398365773698460046e+00
-6.370000000000000000e+02 4.566289012508175205e+00
-6.360000000000000000e+02 5.588825669338502777e+00
-6.350000000000000000e+02 4.539059157377501208e+00
-6.340000000000000000e+02 5.071412774720385208e+00
-6.330000000000000000e+02 4.791048061277998649e+00
-6.320000000000000000e+02 5.056749167017694724e+00
-6.310000000000000000e+02 4.569022365739873415e+00
-6.300000000000000000e+02 4.869293935920667948e+00
-6.290000000000000000e+02 4.712358342257459753e+00
-6.280000000000000000e+02 4.685513712114063978e+00
-6.270000000000000000e+02 4.856120333203916672e+00
-6.260000000000000000e+02 4.489618488399237606e+00
-6.250000000000000000e+02 4.180648519141817232e+00
-6.240000000000000000e+02 4.053844175533723337e+00
-6.230000000000000000e+02 4.498584753496023048e+00
-6.220000000000000000e+02 3.215989845769535727e+00
-6.210000000000000000e+02 4.379327097065834451e+00
-6.200000000000000000e+02 4.128933193287165793e+00
-6.190000000000000000e+02 4.987469482169499813e+00
-6.180000000000000000e+02 4.159022963141727480e+00
-6.170000000000000000e+02 5.348559479294288543e+00
-6.160000000000000000e+02 3.650241518568222432e+00
-6.150000000000000000e+02 4.494473461967362304e+00
-6.140000000000000000e+02 5.367405539537066339e+00
-6.130000000000000000e+02 4.882990981444736533e+00
-6.120000000000000000e+02 5.246474437404463842e+00
-6.110000000000000000e+02 3.852784882813382161e+00
-6.100000000000000000e+02 3.442491082828522231e+00
-6.090000000000000000e+02 4.111694781760500739e+00
-6.080000000000000000e+02 3.757126911099673450e+00
-6.070000000000000000e+02 4.210936012966415731e+00
-6.060000000000000000e+02 3.210089003610579361e+00
-6.050000000000000000e+02 4.243474061376435458e+00
-6.040000000000000000e+02 4.722860292486232403e+00
-6.030000000000000000e+02 5.108653622926364157e+00
-6.020000000000000000e+02 4.546872109910260917e+00
-6.010000000000000000e+02 4.253143097896463942e+00
-6.000000000000000000e+02 4.829838855402064368e+00
-5.990000000000000000e+02 4.226868880236912318e+00
-5.980000000000000000e+02 4.747042939159122454e+00
-5.970000000000000000e+02 5.005287499822224540e+00
-5.960000000000000000e+02 4.581447220973953627e+00
-5.950000000000000000e+02 4.742668740349153644e+00
-5.940000000000000000e+02 4.786676349194316060e+00
-5.930000000000000000e+02 4.125113138368127430e+00
-5.920000000000000000e+02 4.952085745043421028e+00
-5.910000000000000000e+02 4.287881437547539143e+00
-5.900000000000000000e+02 4.223466500593944239e+00
-5.890000000000000000e+02 4.578325919001912325e+00
-5.880000000000000000e+02 5.313308423030973948e+00
-5.870000000000000000e+02 4.387341045703170295e+00
-5.860000000000000000e+02 4.444744348173934156e+00
-5.850000000000000000e+02 4.592414091614825722e+00
-5.840000000000000000e+02 3.117750026704673161e+00
-5.830000000000000000e+02 4.558350930695087122e+00
-5.820000000000000000e+02 4.237910268954956372e+00
-5.810000000000000000e+02 4.216533929302952899e+00
-5.800000000000000000e+02 4.040002318986490870e+00
-5.790000000000000000e+02 3.841966837727527118e+00
-5.780000000000000000e+02 4.798261779907370794e+00
-5.770000000000000000e+02 5.343620825238456717e+00
-5.760000000000000000e+02 3.643705267855774199e+00
-5.750000000000000000e+02 3.933763603946582421e+00
-5.740000000000000000e+02 4.191264366030064359e+00
-5.730000000000000000e+02 5.265524160921837726e+00
-5.720000000000000000e+02 3.558791030852174853e+00
-5.710000000000000000e+02 5.140663494461580107e+00
-5.700000000000000000e+02 4.484472321549446860e+00
-5.690000000000000000e+02 5.258275943075756409e+00
-5.680000000000000000e+02 4.514963582278713083e+00
-5.670000000000000000e+02 4.067679367298509874e+00
-5.660000000000000000e+02 4.564810118104887238e+00
-5.650000000000000000e+02 4.956202839849972008e+00
-5.640000000000000000e+02 4.544538549261710969e+00
-5.630000000000000000e+02 4.161123318486091627e+00
-5.620000000000000000e+02 3.596581550944887518e+00
-5.610000000000000000e+02 4.563325791990327396e+00
-5.600000000000000000e+02 4.995169292250007054e+00
-5.590000000000000000e+02 4.081761660759144483e+00
-5.580000000000000000e+02 4.216971409322040287e+00
-5.570000000000000000e+02 4.374543637781406424e+00
-5.560000000000000000e+02 4.448003255210583262e+00
-5.550000000000000000e+02 4.570926607585128032e+00
-5.540000000000000000e+02 6.046561436467357886e+00
-5.530000000000000000e+02 4.506762229432041522e+00
-5.520000000000000000e+02 4.948936595021472762e+00
-5.510000000000000000e+02 5.565809944545950572e+00
-5.500000000000000000e+02 5.081511910691133060e+00
-5.490000000000000000e+02 4.233851041553388761e+00
-5.480000000000000000e+02 4.357342041498991847e+00
-5.470000000000000000e+02 4.072377282475007299e+00
-5.460000000000000000e+02 4.743680017852634379e+00
-5.450000000000000000e+02 5.015808517545353062e+00
-5.440000000000000000e+02 4.263750665439963505e+00
-5.430000000000000000e+02 4.349790058443459451e+00
-5.420000000000000000e+02 4.133025222010643596e+00
-5.410000000000000000e+02 4.739068115586632324e+00
-5.400000000000000000e+02 4.608758466776123441e+00
-5.390000000000000000e+02 3.666997058326416870e+00
-5.380000000000000000e+02 4.445940632833820239e+00
-5.370000000000000000e+02 4.029144851918637471e+00
-5.360000000000000000e+02 4.534170039711430178e+00
-5.350000000000000000e+02 3.746024982473805220e+00
-5.340000000000000000e+02 4.621218624920754081e+00
-5.330000000000000000e+02 4.995843815522851727e+00
-5.320000000000000000e+02 4.330985842549997855e+00
-5.310000000000000000e+02 4.572568654629980855e+00
-5.300000000000000000e+02 4.587317034981771791e+00
-5.290000000000000000e+02 5.372150148975247674e+00
-5.280000000000000000e+02 5.029301126939507149e+00
-5.270000000000000000e+02 4.582043435369147488e+00
-5.260000000000000000e+02 5.322064074391905208e+00
-5.250000000000000000e+02 4.607160562186456865e+00
-5.240000000000000000e+02 4.571839240971699247e+00
-5.230000000000000000e+02 4.807368425700965453e+00
-5.220000000000000000e+02 4.770420358677542438e+00
-5.210000000000000000e+02 4.751835815263282470e+00
-5.200000000000000000e+02 4.243694247475075620e+00
-5.190000000000000000e+02 3.892985308831856006e+00
-5.180000000000000000e+02 4.329153798642046524e+00
-5.170000000000000000e+02 4.708975416461392172e+00
-5.160000000000000000e+02 3.688364615985075368e+00
-5.150000000000000000e+02 4.904569975574732510e+00
-5.140000000000000000e+02 4.235997354646860558e+00
-5.130000000000000000e+02 4.586801643719834232e+00
-5.120000000000000000e+02 4.447396273905429354e+00
-5.110000000000000000e+02 4.761057351537022697e+00
-5.100000000000000000e+02 4.734601233710922230e+00
-5.090000000000000000e+02 4.973818008878128971e+00
-5.080000000000000000e+02 3.995870681214988895e+00
-5.070000000000000000e+02 4.442866437011558922e+00
-5.060000000000000000e+02 4.731452772993521627e+00
-5.050000000000000000e+02 4.453679307140391508e+00
-5.040000000000000000e+02 4.708260375274046616e+00
-5.030000000000000000e+02 4.788586584398282220e+00
-5.020000000000000000e+02 3.835597164805456316e+00
-5.010000000000000000e+02 4.234448429284284998e+00
-5.000000000000000000e+02 4.812463818325867670e+00
-4.990000000000000000e+02 5.226537989964525011e+00
-4.980000000000000000e+02 3.857074132471946193e+00
-4.970000000000000000e+02 4.857187124606738848e+00
-4.960000000000000000e+02 4.594508933722666555e+00
-4.950000000000000000e+02 3.820311531279587669e+00
-4.940000000000000000e+02 4.232066456122787201e+00
-4.930000000000000000e+02 4.351360125272857537e+00
-4.920000000000000000e+02 5.001488053678815326e+00
-4.910000000000000000e+02 3.789753051932373218e+00
-4.900000000000000000e+02 5.422106562940756547e+00
-4.890000000000000000e+02 5.261494555888526214e+00
-4.880000000000000000e+02 4.457666023684976331e+00
-4.870000000000000000e+02 5.212935183157863861e+00
-4.860000000000000000e+02 4.889171419953999731e+00
-4.850000000000000000e+02 4.317155012174584527e+00
-4.840000000000000000e+02 4.133860214985270787e+00
-4.830000000000000000e+02 4.274696029872105285e+00
-4.820000000000000000e+02 4.619894475177935611e+00
-4.810000000000000000e+02 4.775467760964627217e+00
-4.800000000000000000e+02 4.848422865566788253e+00
-4.790000000000000000e+02 4.235275173305303120e+00
-4.780000000000000000e+02 3.940930988050452832e+00
-4.770000000000000000e+02 3.937969494510215718e+00
-4.760000000000000000e+02 5.286599868144617353e+00
-4.750000000000000000e+02 4.275517239231112043e+00
-4.740000000000000000e+02 4.041966138776773576e+00
-4.730000000000000000e+02 5.254426263067151659e+00
-4.720000000000000000e+02 4.441525909911693049e+00
-4.710000000000000000e+02 3.703513798319845840e+00
-4.700000000000000000e+02 3.770327646968095081e+00
-4.690000000000000000e+02 5.183334189940483228e+00
-4.680000000000000000e+02 3.962482776709323140e+00
-4.670000000000000000e+02 3.589390175499723945e+00
-4.660000000000000000e+02 4.274166665608712279e+00
-4.650000000000000000e+02 4.044578371314319298e+00
-4.640000000000000000e+02 4.660339267767080962e+00
-4.630000000000000000e+02 5.141451058011830000e+00
-4.620000000000000000e+02 4.794220171961294241e+00
-4.610000000000000000e+02 5.040374425426644045e+00
-4.600000000000000000e+02 4.625537577987693716e+00
-4.590000000000000000e+02 4.468878744836604966e+00
-4.580000000000000000e+02 5.356052147852436107e+00
-4.570000000000000000e+02 3.757907217830152025e+00
-4.560000000000000000e+02 4.227829033694008309e+00
-4.550000000000000000e+02 5.145259891936248664e+00
-4.540000000000000000e+02 4.842538011955858757e+00
-4.530000000000000000e+02 5.430933834512515546e+00
-4.520000000000000000e+02 4.960065848505970543e+00
-4.510000000000000000e+02 3.944122652592252365e+00
-4.500000000000000000e+02 4.925881453722364078e+00
-4.490000000000000000e+02 4.483179665908905598e+00
-4.480000000000000000e+02 5.515205931480896773e+00
-4.470000000000000000e+02 4.715548333549087090e+00
-4.460000000000000000e+02 4.867650069610477637e+00
-4.450000000000000000e+02 4.692827451277874928e+00
-4.440000000000000000e+02 4.699009100871495370e+00
-4.430000000000000000e+02 4.338445304746726627e+00
-4.420000000000000000e+02 5.089756253704717182e+00
-4.410000000000000000e+02 3.700133959262043248e+00
-4.400000000000000000e+02 4.585899892648336973e+00
-4.390000000000000000e+02 4.704587814620365904e+00
-4.380000000000000000e+02 4.371299841848814260e+00
-4.370000000000000000e+02 3.755394756517594690e+00
-4.360000000000000000e+02 5.561946152654920539e+00
-4.350000000000000000e+02 4.577468756894457869e+00
-4.340000000000000000e+02 5.294470427821069691e+00
-4.330000000000000000e+02 4.719374454463020285e+00
-4.320000000000000000e+02 4.799515502211743723e+00
-4.310000000000000000e+02 4.621554136856064865e+00
-4.300000000000000000e+02 5.244546844857064904e+00
-4.290000000000000000e+02 4.743506934823036758e+00
-4.280000000000000000e+02 5.561014997688545236e+00
-4.270000000000000000e+02 4.439279992977610334e+00
-4.260000000000000000e+02 4.446321502494330780e+00
-4.250000000000000000e+02 4.376568433530874103e+00
-4.240000000000000000e+02 4.904852401569647746e+00
-4.230000000000000000e+02 4.505196926612738295e+00
-4.220000000000000000e+02 5.252588207827159295e+00
-4.210000000000000000e+02 3.926211157692703235e+00
-4.200000000000000000e+02 4.518853675643832446e+00
-4.190000000000000000e+02 4.946799273453056145e+00
-4.180000000000000000e+02 4.794369967330638360e+00
-4.170000000000000000e+02 3.873903719636455190e+00
-4.160000000000000000e+02 4.801478318478483054e+00
-4.150000000000000000e+02 4.893492937423244982e+00
-4.140000000000000000e+02 4.615480124985657184e+00
-4.130000000000000000e+02 4.259783388546091842e+00
-4.120000000000000000e+02 4.981254469053745026e+00
-4.110000000000000000e+02 4.775479852343584852e+00
-4.100000000000000000e+02 4.034206124361754853e+00
-4.090000000000000000e+02 4.707503946272682427e+00
-4.080000000000000000e+02 4.952605229984706980e+00
-4.070000000000000000e+02 4.191114280967878969e+00
-4.060000000000000000e+02 5.375715730565094219e+00
-4.050000000000000000e+02 4.539427728162626074e+00
-4.040000000000000000e+02 4.293642658633717524e+00
-4.030000000000000000e+02 3.720937335542122248e+00
-4.020000000000000000e+02 4.598230942764663709e+00
-4.010000000000000000e+02 4.379335592147067580e+00
-4.000000000000000000e+02 4.409367397504863284e+00
-3.990000000000000000e+02 4.211315367546404786e+00
-3.980000000000000000e+02 4.543843835256627273e+00
-3.970000000000000000e+02 4.326146080580127951e+00
-3.960000000000000000e+02 3.947638296210843833e+00
-3.950000000000000000e+02 5.114389219771187989e+00
-3.940000000000000000e+02 4.654925513998303899e+00
-3.930000000000000000e+02 5.014250982195193274e+00
-3.920000000000000000e+02 4.671408500066071667e+00
-3.910000000000000000e+02 4.692696739390205707e+00
-3.900000000000000000e+02 5.057848879602575565e+00
-3.890000000000000000e+02 5.179779751244018904e+00
-3.880000000000000000e+02 5.637254574590848222e+00
-3.870000000000000000e+02 4.603177333790999803e+00
-3.860000000000000000e+02 4.317938210278668087e+00
-3.850000000000000000e+02 4.765251900815332675e+00
-3.840000000000000000e+02 4.556500848257200253e+00
-3.830000000000000000e+02 5.046387871196483133e+00
-3.820000000000000000e+02 4.753009923162496264e+00
-3.810000000000000000e+02 4.814045574472980427e+00
-3.800000000000000000e+02 4.602795363125152583e+00
-3.790000000000000000e+02 4.066004932310151254e+00
-3.780000000000000000e+02 4.703635274440714831e+00
-3.770000000000000000e+02 5.055408392966196374e+00
-3.760000000000000000e+02 3.506343580241120250e+00
-3.750000000000000000e+02 3.732168449659897469e+00
-3.740000000000000000e+02 4.779379426101855621e+00
-3.730000000000000000e+02 4.275551401822577979e+00
-3.720000000000000000e+02 4.486874865992634298e+00
-3.710000000000000000e+02 4.629094909424072313e+00
-3.700000000000000000e+02 4.353132204389154936e+00
-3.690000000000000000e+02 4.746183354852358427e+00
-3.680000000000000000e+02 4.343123408584325773e+00
-3.670000000000000000e+02 4.361489970245021830e+00
-3.660000000000000000e+02 4.176689700511768244e+00
-3.650000000000000000e+02 4.686539706283643802e+00
-3.640000000000000000e+02 4.943115009984783370e+00
-3.630000000000000000e+02 4.354143173483254081e+00
-3.620000000000000000e+02 4.774943801034076785e+00
-3.610000000000000000e+02 5.301398896590764132e+00
-3.600000000000000000e+02 4.312584837876447530e+00
-3.590000000000000000e+02 4.317738979938765098e+00
-3.580000000000000000e+02 5.142709301398926236e+00
-3.570000000000000000e+02 4.196071802739478329e+00
-3.560000000000000000e+02 5.223690469798082603e+00
-3.550000000000000000e+02 4.419139741029356472e+00
-3.540000000000000000e+02 4.364454745508061784e+00
-3.530000000000000000e+02 4.751096592481560243e+00
-3.520000000000000000e+02 5.683436379889950985e+00
-3.510000000000000000e+02 4.171821027874925036e+00
-3.500000000000000000e+02 4.486788779187182108e+00
-3.490000000000000000e+02 5.119037958600054949e+00
-3.480000000000000000e+02 4.624099053799539227e+00
-3.470000000000000000e+02 5.620196756221105261e+00
-3.460000000000000000e+02 5.366096127459233145e+00
-3.450000000000000000e+02 5.206282659360781828e+00
-3.440000000000000000e+02 4.764334265131461521e+00
-3.430000000000000000e+02 5.063400225731157001e+00
-3.420000000000000000e+02 4.434762078978065958e+00
-3.410000000000000000e+02 5.009388434226546671e+00
-3.400000000000000000e+02 4.879173727453587794e+00
-3.390000000000000000e+02 4.630846494515309608e+00
-3.380000000000000000e+02 4.812226355249727305e+00
-3.370000000000000000e+02 5.320313253205648962e+00
-3.360000000000000000e+02 4.722010255307692361e+00
-3.350000000000000000e+02 5.080445553270444670e+00
-3.340000000000000000e+02 5.668207962584157045e+00
-3.330000000000000000e+02 5.284779592979758966e+00
-3.320000000000000000e+02 4.509121183656126242e+00
-3.310000000000000000e+02 5.589571611804585061e+00
-3.300000000000000000e+02 5.469246289573193920e+00
-3.290000000000000000e+02 4.804711886818955335e+00
-3.280000000000000000e+02 5.719010322696450821e+00
-3.270000000000000000e+02 5.419173358257721063e+00
-3.260000000000000000e+02 5.858478896752503218e+00
-3.250000000000000000e+02 5.747915852812365500e+00
-3.240000000000000000e+02 5.321090332481159813e+00
-3.230000000000000000e+02 4.532699826731294124e+00
-3.220000000000000000e+02 5.998959789809589438e+00
-3.210000000000000000e+02 6.159546148380688813e+00
-3.200000000000000000e+02 5.104925375920315034e+00
-3.190000000000000000e+02 5.125779619538684884e+00
-3.180000000000000000e+02 5.506600065690689938e+00
-3.170000000000000000e+02 5.193569671143824173e+00
-3.160000000000000000e+02 5.319905536162924165e+00
-3.150000000000000000e+02 5.071787809048982076e+00
-3.140000000000000000e+02 5.591454910546654666e+00
-3.130000000000000000e+02 5.059357540828600008e+00
-3.120000000000000000e+02 5.896828365873845179e+00
-3.110000000000000000e+02 5.460774888282045936e+00
-3.100000000000000000e+02 5.433069893072302037e+00
-3.090000000000000000e+02 5.195294936666109642e+00
-3.080000000000000000e+02 5.098330001565068770e+00
-3.070000000000000000e+02 5.083108584773879279e+00
-3.060000000000000000e+02 5.628868595661645102e+00
-3.050000000000000000e+02 5.165646857807857373e+00
-3.040000000000000000e+02 5.626975657679487597e+00
-3.030000000000000000e+02 5.269215232557863615e+00
-3.020000000000000000e+02 5.119676240562986536e+00
-3.010000000000000000e+02 5.913390491018308381e+00
-3.000000000000000000e+02 5.360091888312059183e+00
-2.990000000000000000e+02 5.168385356350326809e+00
-2.980000000000000000e+02 5.059525785570055056e+00
-2.970000000000000000e+02 4.790023188570036616e+00
-2.960000000000000000e+02 5.491918257281508176e+00
-2.950000000000000000e+02 5.641607482962807119e+00
-2.940000000000000000e+02 5.331583207517141432e+00
-2.930000000000000000e+02 5.649891418197913850e+00
-2.920000000000000000e+02 5.623689308404871134e+00
-2.910000000000000000e+02 4.877740780243710716e+00
-2.900000000000000000e+02 4.648827302170291276e+00
-2.890000000000000000e+02 6.456389622157875152e+00
-2.880000000000000000e+02 5.298876824506825400e+00
-2.870000000000000000e+02 5.258376246452238334e+00
-2.860000000000000000e+02 4.280299657636566835e+00
-2.850000000000000000e+02 5.218162872269009434e+00
-2.840000000000000000e+02 3.241620557507989275e+00
-2.830000000000000000e+02 4.701133639731962077e+00
-2.820000000000000000e+02 4.948849488981062805e+00
-2.810000000000000000e+02 5.490152301878016949e+00
-2.800000000000000000e+02 4.963896932130916539e+00
-2.790000000000000000e+02 5.126884323465624504e+00
-2.780000000000000000e+02 4.706935355801225462e+00
-2.770000000000000000e+02 2.923464880917249431e+00
-2.760000000000000000e+02 5.085374807375544925e+00
-2.750000000000000000e+02 4.513333734866382230e+00
-2.740000000000000000e+02 4.347229513855603855e+00
-2.730000000000000000e+02 4.455037303321017106e+00
-2.720000000000000000e+02 3.477056417744876615e+00
-2.710000000000000000e+02 4.217003756990200358e+00
-2.700000000000000000e+02 4.462610326294681684e+00
-2.690000000000000000e+02 4.964751230116731584e+00
-2.680000000000000000e+02 3.880812223286774110e+00
-2.670000000000000000e+02 4.845401444492980936e+00
-2.660000000000000000e+02 5.178681455911421594e+00
-2.650000000000000000e+02 4.923799859863201789e+00
-2.640000000000000000e+02 4.988837858213502230e+00
-2.630000000000000000e+02 3.565180411778468894e+00
-2.620000000000000000e+02 4.416738698136995822e+00
-2.610000000000000000e+02 4.675675165043654324e+00
-2.600000000000000000e+02 4.373158500351713052e+00
-2.590000000000000000e+02 3.359993779387455692e+00
-2.580000000000000000e+02 4.573995729215102557e+00
-2.570000000000000000e+02 3.886001107813871425e+00
-2.560000000000000000e+02 3.184414869532435688e+00
-2.550000000000000000e+02 3.921318004700721449e+00
-2.540000000000000000e+02 3.825669817570807929e+00
-2.530000000000000000e+02 3.766051111609252988e+00
-2.520000000000000000e+02 3.643781101747812112e+00
-2.510000000000000000e+02 3.293067700095532846e+00
-2.500000000000000000e+02 3.432030821743138560e+00
-2.490000000000000000e+02 3.317347319406708905e+00
-2.480000000000000000e+02 4.068769748770066030e+00
-2.470000000000000000e+02 4.426975017479637842e+00
-2.460000000000000000e+02 3.433766609583706053e+00
-2.450000000000000000e+02 3.369847447709444666e+00
-2.440000000000000000e+02 3.457302361972222737e+00
-2.430000000000000000e+02 3.171165028566941935e+00
-2.420000000000000000e+02 3.409734421488806788e+00
-2.410000000000000000e+02 2.911722654479644401e+00
-2.400000000000000000e+02 3.614076867640128476e+00
-2.390000000000000000e+02 3.595622575028716295e+00
-2.380000000000000000e+02 2.967160889889441489e+00
-2.370000000000000000e+02 3.479015667458292604e+00
-2.360000000000000000e+02 3.120281249738134033e+00
-2.350000000000000000e+02 3.206102150936311457e+00
-2.340000000000000000e+02 2.748188341935822177e+00
-2.330000000000000000e+02 2.319308971634217009e+00
-2.320000000000000000e+02 2.820231473303780323e+00
-2.310000000000000000e+02 3.143622481188612650e+00
-2.300000000000000000e+02 2.591648746552914329e+00
-2.290000000000000000e+02 3.139641833652325076e+00
-2.280000000000000000e+02 3.099260318798490399e+00
-2.270000000000000000e+02 3.224313003920742382e+00
-2.260000000000000000e+02 2.349389576804020940e+00
-2.250000000000000000e+02 2.838488576396478447e+00
-2.240000000000000000e+02 3.351888146760855225e+00
-2.230000000000000000e+02 2.599173613124595494e+00
-2.220000000000000000e+02 2.805398516206640824e+00
-2.210000000000000000e+02 2.799965479340426722e+00
-2.200000000000000000e+02 2.840897455770166946e+00
-2.190000000000000000e+02 3.219763505977174756e+00
-2.180000000000000000e+02 3.035796293411348490e+00
-2.170000000000000000e+02 2.683743304721583289e+00
-2.160000000000000000e+02 2.610536934909053919e+00
-2.150000000000000000e+02 2.521590114962350082e+00
-2.140000000000000000e+02 2.906467271727146695e+00
-2.130000000000000000e+02 2.550302198881743365e+00
-2.120000000000000000e+02 3.260590667776955165e+00
-2.110000000000000000e+02 2.745303339413410093e+00
-2.100000000000000000e+02 3.045528338384169142e+00
-2.090000000000000000e+02 2.276706766752186528e+00
-2.080000000000000000e+02 3.164311093373349149e+00
-2.070000000000000000e+02 2.632870860795999857e+00
-2.060000000000000000e+02 2.570379458163792208e+00
-2.050000000000000000e+02 2.389120465891101386e+00
-2.040000000000000000e+02 3.110847860353241678e+00
-2.030000000000000000e+02 2.714951156858755432e+00
-2.020000000000000000e+02 2.921820649617282495e+00
-2.010000000000000000e+02 3.078874043390633197e+00
-2.000000000000000000e+02 2.556422027785669737e+00
-1.990000000000000000e+02 2.662658104350424715e+00
-1.980000000000000000e+02 2.650465139032671225e+00
-1.970000000000000000e+02 2.958677889455144427e+00
-1.960000000000000000e+02 2.544580859483111190e+00
-1.950000000000000000e+02 3.088495246127285654e+00
-1.940000000000000000e+02 3.150008788554523598e+00
-1.930000000000000000e+02 2.898274689501895818e+00
-1.920000000000000000e+02 2.748724074020047592e+00
-1.910000000000000000e+02 2.096740995043586242e+00
-1.900000000000000000e+02 2.329552628473289921e+00
-1.890000000000000000e+02 3.233161884328645375e+00
-1.880000000000000000e+02 2.945497030207740341e+00
-1.870000000000000000e+02 2.881995116498083487e+00
-1.860000000000000000e+02 2.429190103052559113e+00
-1.850000000000000000e+02 3.068881484656110548e+00
-1.840000000000000000e+02 3.077320378862120620e+00
-1.830000000000000000e+02 3.047785649325649437e+00
-1.820000000000000000e+02 2.778623812167655416e+00
-1.810000000000000000e+02 3.019828418034105955e+00
-1.800000000000000000e+02 3.102071237459845143e+00
-1.790000000000000000e+02 2.595638490423686218e+00
-1.780000000000000000e+02 2.858499615888259182e+00
-1.770000000000000000e+02 2.894294373402920062e+00
-1.760000000000000000e+02 3.343851717089533881e+00
-1.750000000000000000e+02 2.325296433268381868e+00
-1.740000000000000000e+02 2.874389964931768571e+00
-1.730000000000000000e+02 3.039636109665686092e+00
-1.720000000000000000e+02 2.189321100976000078e+00
-1.710000000000000000e+02 2.501669747678191502e+00
-1.700000000000000000e+02 2.304511643007942645e+00
-1.690000000000000000e+02 2.968781679722635403e+00
-1.680000000000000000e+02 2.339077243440099707e+00
-1.670000000000000000e+02 2.628417601568669770e+00
-1.660000000000000000e+02 2.948030044857952170e+00
-1.650000000000000000e+02 3.057429117278381625e+00
-1.640000000000000000e+02 3.218399634227818495e+00
-1.630000000000000000e+02 2.192419193184410808e+00
-1.620000000000000000e+02 2.332786245095507915e+00
-1.610000000000000000e+02 2.026131344532645873e+00
-1.600000000000000000e+02 2.810684245250798075e+00
-1.590000000000000000e+02 2.806630620617719618e+00
-1.580000000000000000e+02 2.506175672460547066e+00
-1.570000000000000000e+02 2.814975187614320085e+00
-1.560000000000000000e+02 2.605699470375363536e+00
-1.550000000000000000e+02 2.378925956065849334e+00
-1.540000000000000000e+02 2.838089818533195086e+00
-1.530000000000000000e+02 2.706108382396167578e+00
-1.520000000000000000e+02 3.204815308364251880e+00
-1.510000000000000000e+02 2.513273667990374882e+00
-1.500000000000000000e+02 2.868511788639409144e+00
